-["Custom", color(66, 132, 107)]
[#nm:"empty", #sz:point(1, 1),#sz:point(1, 1), #specs:[1], #specs2:0,#tp:"voxelStruct", #repeatL:[1], #bfTiles:0, #rnd:1, #ptPos:0, #tags:[]]]
[#nm:"emptySbl", #sz:point(1, 1),#sz:point(1, 1), #specs:[5], #specs2:0,#tp:"voxelStruct", #repeatL:[1], #bfTiles:0, #rnd:1, #ptPos:0, #tags:[]]]
[#nm:"emptyStl", #sz:point(1, 1),#sz:point(1, 1), #specs:[3], #specs2:0,#tp:"voxelStruct", #repeatL:[1], #bfTiles:0, #rnd:1, #ptPos:0, #tags:[]]]
[#nm:"emptyStr", #sz:point(1, 1),#sz:point(1, 1), #specs:[2], #specs2:0,#tp:"voxelStruct", #repeatL:[1], #bfTiles:0, #rnd:1, #ptPos:0, #tags:[]]]
[#nm:"emptySbr", #sz:point(1, 1),#sz:point(1, 1), #specs:[4], #specs2:0,#tp:"voxelStruct", #repeatL:[1], #bfTiles:0, #rnd:1, #ptPos:0, #tags:[]]]
[#nm:"TLCorner_A_1", #sz:point(3, 3), #specs:[1,1,1, 1,0,0, 1,0,1], #specs2:0, #tp:"voxelStruct", #repeatL:[1,1,1,1,1,1,1,1,1, 5], #bfTiles:0, #rnd:1, #ptPos:0, #tags:[]]
[#nm:"TLCorner_A_2", #sz:point(3, 3), #specs:[1,0,1, 1,1,1, 1,1,1], #specs2:0, #tp:"voxelStruct", #repeatL:[1,1,1,1,1,1,1,1,1, 5], #bfTiles:0, #rnd:1, #ptPos:0, #tags:[]] 
[#nm:"TLCorner_A_3", #sz:point(3, 3), #specs:[1,1,1, 1,1,0, 1,1,1], #specs2:0, #tp:"voxelStruct", #repeatL:[1,1,1,1,1,1,1,1,1, 5], #bfTiles:0, #rnd:1, #ptPos:0, #tags:[]]
[#nm:"TLCorner_A_4", #sz:point(4, 4), #specs:[1,1,1,1, 1,1,1,1, 1,1,1,1, 1,1,1,1], #specs2:0, #tp:"voxelStruct", #repeatL:[1,1,1,1,1,1,1,1,1,1], #bfTiles:0, #rnd:1, #ptPos:0, #tags:[]]
[#nm:"top small crusher", #sz:point(8,3), #specs:[1,1,1,-1,1,1,1,1, 1,-1,1,1,1,1,1,-1, 1,1,1,1,1,-1,1,1 ], #specs2:0, #tp:"voxelStruct", #repeatL:[1,7,2], #bfTiles:0, #rnd:1, #ptPos:0, #tags:[]]
[#nm:"bottom small crusher", #sz:point(8,3), #specs:[1,1,-1,1,1,1,1,1, -1,1,1,1,1,1,-1,1, 1,1,1,1,-1,1,1,1 ], #specs2:0, #tp:"voxelStruct", #repeatL:[1,7,2], #bfTiles:0, #rnd:1, #ptPos:0, #tags:[]]
[#nm:"left small crusher", #sz:point(3,8), #specs:[1,1,1, 1,1,1, 1,1,1, 1,1,1, 1,1,1, 1,1,-1, 1,-1,1, -1,1,-1 ], #specs2:0, #tp:"voxelStruct", #repeatL:[1,7,2], #bfTiles:0, #rnd:1, #ptPos:0, #tags:[]]
[#nm:"right small crusher", #sz:point(3,8), #specs:[-1,1,-1, 1,-1,1, -1,1,1, 1,1,1, 1,1,1, 1,1,1, 1,1,1, 1,1,1 ], #specs2:0, #tp:"voxelStruct", #repeatL:[1,7,2], #bfTiles:0, #rnd:1, #ptPos:0, #tags:[]]
[#nm:"Light Post", #sz:point(1,3), #specs:[0,1,1], #specs2:0, #tp:"voxelStruct", #repeatL:[1,1,1,1,1,1,1,1,1,1], #bfTiles:0, #rnd:1, #ptPos:0, #tags:[]]
[#nm:"Light Post Upside down", #sz:point(1,3), #specs:[1,1,0], #specs2:0, #tp:"voxelStruct", #repeatL:[1,1,1,1,1,1,1,1,1,1], #bfTiles:0, #rnd:1, #ptPos:0, #tags:[]]
[#nm:"Energy Chamber", #sz:point(25, 25), #specs:[-1,-1,-1,-1,-1,-1,-1,-1,-1,-1,3,1,-1,1,5,-1,-1,-1,-1,-1,-1,-1,-1,-1,-1, -1,-1,-1,-1,-1,-1,-1,-1,-1,-1,1,1,-1,1,1,-1,-1,-1,-1,-1,-1,-1,-1,-1,-1, -1,-1,-1,-1,-1,-1,-1,-1,-1,1,1,1,1,1,1,1,-1,-1,-1,-1,-1,-1,-1,-1,-1, -1,-1,-1,-1,3,1,-1,-1,3,1,1,1,1,1,1,1,5,-1,-1,1,5,-1,-1,-1,-1, -1,-1,-1,3,1,1,1,1,1,1,1,1,1,1,1,1,1,1,1,1,1,5,-1,-1,-1, -1,-1,-1,1,1,1,1,1,1,1,1,1,1,1,1,1,1,1,1,1,1,1,-1,-1,-1, -1,-1,-1,-1,1,1,1,1,1,1,1,1,1,1,1,1,1,1,1,1,1,-1,-1,-1,-1, -1,-1,-1,-1,1,1,1,1,1,1,1,1,1,1,1,1,1,1,1,1,1,-1,-1,-1,-1, -1,-1,-1,3,1,1,1,1,1,1,1,1,1,1,1,1,1,1,1,1,1,5,-1,-1,-1, -1,-1,1,1,1,1,1,1,1,1,1,1,1,1,1,1,1,1,1,1,1,1,1,-1,-1, 3,1,1,1,1,1,1,1,1,1,1,1,1,1,1,1,1,1,1,1,1,1,1,1,5, 1,1,1,1,1,1,1,1,1,1,1,1,1,1,1,1,1,1,1,1,1,1,1,1,1, -1,-1,1,1,1,1,1,1,1,1,1,1,1,1,1,1,1,1,1,1,1,1,1,-1,-1, 1,1,1,1,1,1,1,1,1,1,1,1,1,1,1,1,1,1,1,1,1,1,1,1,1, 2,1,1,1,1,1,1,1,1,1,1,1,1,1,1,1,1,1,1,1,1,1,1,1,4, -1,-1,1,1,1,1,1,1,1,1,1,1,1,1,1,1,1,1,1,1,1,1,1,-1,-1, -1,-1,-1,2,1,1,1,1,1,1,1,1,1,1,1,1,1,1,1,1,1,4,-1,-1,-1, -1,-1,-1,-1,1,1,1,1,1,1,1,1,1,1,1,1,1,1,1,1,1,-1,-1,-1,-1, -1,-1,-1,-1,1,1,1,1,1,1,1,1,1,1,1,1,1,1,1,1,1,-1,-1,-1,-1, -1,-1,-1,1,1,1,1,1,1,1,1,1,1,1,1,1,1,1,1,1,1,1,-1,-1,-1, -1,-1,-1,2,1,1,1,1,1,1,1,1,1,1,1,1,1,1,1,1,1,4,-1,-1,-1, -1,-1,-1,-1,2,1,-1,-1,2,1,1,1,1,1,1,1,4,-1,-1,1,4,-1,-1,-1,-1, -1,-1,-1,-1,-1,-1,-1,-1,-1,1,1,1,1,1,1,1,-1,-1,-1,-1,-1,-1,-1,-1,-1, -1,-1,-1,-1,-1,-1,-1,-1,-1,-1,1,1,-1,1,1,-1,-1,-1,-1,-1,-1,-1,-1,-1,-1, -1,-1,-1,-1,-1,-1,-1,-1,-1,-1,2,1,-1,1,4,-1,-1,-1,-1,-1,-1,-1,-1,-1,-1 ], #specs2:0, #tp:"voxelStruct", #repeatL:[1,1,1,1,1,1,1,1,1,1], #bfTiles:0, #rnd:1, #ptPos:0, #tags:[]]
[#nm:"braintree", #sz:point(26, 28), #specs:[-1,-1,-1,-1,-1,-1,-1,-1,-1,-1,-1,-1,-1,-1,-1,-1,-1,-1,-1,-1,-1,-1,-1,-1,-1,-1,-1,-1 ,-1,-1,-1,-1,-1,-1,-1,-1,-1,-1,-1,-1,-1,-1,-1,-1,-1,-1,-1,-1,-1,-1,-1,-1,-1,-1,-1,-1 ,-1,-1,-1,-1,-1,-1,-1,-1,-1,-1,-1,-1,-1,-1,-1,-1,-1,-1,-1,-1,-1,-1,-1,-1,-1,-1,-1,-1 ,-1,-1,-1,-1,-1,-1,-1,-1,-1,-1,-1,-1,-1,-1,-1,-1,-1,-1,-1,-1,-1,-1,-1,-1,-1,-1,-1,-1 ,-1,-1,-1,-1,-1,-1,-1,-1,-1,-1,-1,-1,-1,-1,-1,-1,-1,-1,-1,-1,-1,-1,-1,-1,-1,-1,-1,-1 ,-1,-1,-1,-1,-1,-1,-1,-1,-1,-1,-1,-1,-1,-1,-1,-1,-1,-1,-1,-1,-1,-1,-1,-1,-1,-1,-1,-1 ,-1,-1,-1,3,1,1,1,5,-1,-1,-1,-1,-1,-1,-1,-1,-1,-1,-1,-1,-1,-1,-1,-1,-1,-1,-1,-1 ,-1,-1,3,1,1,1,1,1,-1,-1,-1,-1,-1,-1,-1,-1,-1,-1,-1,-1,-1,-1,-1,-1,-1,-1,-1,-1 ,-1,-1,1,1,1,1,1,1,-1,-1,-1,-1,-1,-1,-1,-1,-1,-1,-1,-1,-1,-1,-1,-1,-1,-1,-1,-1 ,-1,-1,1,1,1,1,1,1,-1,-1,-1,-1,-1,-1,-1,-1,-1,-1,-1,-1,-1,-1,-1,-1,-1,-1,-1,-1 ,3,1,1,1,1,1,1,1,-1,-1,-1,-1,-1,-1,-1,-1,-1,-1,-1,-1,-1,-1,-1,-1,-1,-1,-1,-1 ,1,1,1,1,1,1,1,1,5,-1,-1,-1,-1,-1,-1,-1,-1,-1,-1,-1,-1,-1,-1,-1,-1,-1,-1,-1 ,1,1,1,1,1,1,1,1,1,5,-1,-1,-1,-1,-1,-1,-1,-1,-1,-1,-1,-1,-1,-1,-1,-1,-1,-1 ,1,1,1,1,1,1,1,1,1,1,-1,-1,-1,-1,-1,-1,-1,-1,-1,-1,-1,-1,-1,-1,-1,-1,-1,-1 ,1,1,1,1,1,1,1,1,1,1,5,-1,-1,-1,-1,-1,-1,-1,-1,-1,-1,-1,-1,-1,-1,-1,-1,-1 ,2,1,1,1,1,1,1,1,1,1,1,-1,-1,-1,-1,-1,-1,-1,-1,-1,-1,-1,-1,-1,-1,-1,-1,-1 ,-1,2,1,1,1,1,1,1,1,1,1,-1,-1,-1,-1,-1,-1,-1,-1,-1,-1,-1,-1,-1,-1,-1,-1,-1 ,-1,-1,1,1,1,1,1,1,1,1,1,-1,-1,-1,-1,-1,-1,-1,-1,-1,-1,-1,-1,-1,-1,-1,-1,-1 ,-1,3,1,1,1,1,1,1,1,1,4,-1,-1,-1,-1,-1,-1,-1,-1,-1,-1,-1,-1,-1,-1,-1,-1,-1 ,-1,1,1,1,1,1,1,1,1,4,-1,-1,-1,-1,-1,-1,-1,-1,-1,-1,-1,-1,-1,-1,-1,-1,-1,-1 ,-1,1,1,1,1,1,1,1,1,-1,-1,-1,-1,-1,-1,-1,-1,-1,-1,-1,-1,-1,-1,-1,-1,-1,-1,-1 ,-1,1,1,1,1,1,1,1,1,-1,-1,-1,-1,-1,-1,-1,-1,-1,-1,-1,-1,-1,-1,-1,-1,-1,-1,-1 ,-1,1,1,1,1,1,1,1,1,-1,-1,-1,-1,-1,-1,-1,-1,-1,-1,-1,-1,-1,-1,-1,-1,-1,-1,-1 ,-1,2,1,1,1,1,1,1,4,-1,-1,-1,-1,-1,-1,-1,-1,-1,-1,-1,-1,-1,-1,-1,-1,-1,-1,-1 ,-1,-1,-1,2,1,1,1,1,-1,-1,-1,-1,-1,-1,-1,-1,-1,-1,-1,-1,-1,-1,-1,-1,-1,-1,-1,-1 ,-1,-1,-1,-1,1,1,1,1,-1,-1,-1,-1,-1,-1,-1,-1,-1,-1,-1,-1,-1,-1,-1,-1,-1,-1,-1,-1], #specs2:0, #tp:"voxelStruct", #repeatL:[1,1,1,1,1,1,1,1,1,1], #bfTiles:0, #rnd:1, #ptPos:0, #tags:[]]
[#nm:"City Brick Holes Out", #sz:point(7,3), #specs:[1,1,1,1,1,1,1, 1,1,1,1,1,1,1, 1,1,1,1,1,1,1], #specs2:0, #tp:"voxelStruct", #repeatL:[1,1,1,7], #bfTiles:0, #rnd:1, #ptPos:0, #tags:[]]
[#nm:"City Brick Holes in", #sz:point(7,3), #specs:[1,1,1,1,1,1,1, 1,1,1,1,1,1,1, 1,1,1,1,1,1,1], #specs2:0, #tp:"voxelStruct", #repeatL:[1,1,1,7], #bfTiles:0, #rnd:1, #ptPos:0, #tags:[]]
[#nm:"City Brick Windows", #sz:point(7,3), #specs:[1,1,1,1,1,1,1, 1,1,1,1,1,1,1, 1,1,1,1,1,1,1], #specs2:0, #tp:"voxelStruct", #repeatL:[1,1,1,7], #bfTiles:0, #rnd:1, #ptPos:0, #tags:[]]
[#nm:"City Brick Grates", #sz:point(7,3), #specs:[1,1,1,1,1,1,1, 1,1,1,1,1,1,1, 1,1,1,1,1,1,1], #specs2:0, #tp:"voxelStruct", #repeatL:[1,1,1,7], #bfTiles:0, #rnd:1, #ptPos:0, #tags:[]]
[#nm:"City Brick", #sz:point(7,3), #specs:[1,1,1,1,1,1,1, 1,1,1,1,1,1,1, 1,1,1,1,1,1,1], #specs2:0, #tp:"voxelStruct", #repeatL:[1,1,1,7], #bfTiles:0, #rnd:1, #ptPos:0, #tags:[]]
[#nm:"Right Flying Buttress", #sz:point(16,14), #specs:[-1,-1,-1,-1,-1,-1,1,1,1,1,1,1,1,1,-1,-1,-1,-1,-1,-1,1,1,1,1,1,1,1,1,-1,-1,-1,-1,-1,-1,1,1,1,1,1,1,1,1,-1,-1,-1,-1,-1,-1,1,1,1,1,1,1,1,1,-1,-1,-1,-1,-1,-1,-1,-1,1,1,1,4,-1,-1,-1,-1,-1,-1,-1,-1,-1,3,1,4,-1,-1,-1,-1,-1,-1,-1,-1,-1,-1,3,1,4,-1,-1,-1,-1,-1,-1,-1,-1,-1,-1,3,1,4,-1,-1,-1,-1,-1,-1,-1,-1,-1,-1,3,1,1,-1,-1,-1,-1,-1,-1,-1,-1,-1,-1,3,1,1,4,-1,-1,-1,-1,-1,-1,-1,-1,-1,3,1,1,1,-1,-1,-1,-1,-1,-1,-1,-1,-1,3,1,1,1,1,-1,-1,-1,-1,-1,-1,-1,-1,1,1,1,1,1,1,1,-1,-1,-1,-1,-1,-1,-1,1,1,1,1,1,1,1,-1,-1,-1,-1,-1,-1,-1,1,1,1,1,1,1,1,-1,-1,-1,-1,-1,-1,-1,1,1,1,1,1,1,1,-1,-1,-1,-1,-1,-1,-1], #specs2:0, #tp:"voxelStruct", #repeatL:[1,1,1,1,1,1,1,1,1], #bfTiles:0, #rnd:1, #ptPos:0, #tags:[]]
[#nm:"Left Flying Buttress", #sz:point(16,14), #specs:[1,1,1,1,1,1,1,-1,-1,-1,-1,-1,-1,-1, 1,1,1,1,1,1,1,-1,-1,-1,-1,-1,-1,-1, 1,1,1,1,1,1,1,-1,-1,-1,-1,-1,-1,-1, 1,1,1,1,1,1,1,-1,-1,-1,-1,-1,-1,-1, -1,2,1,1,1,1,-1,-1,-1,-1,-1,-1,-1,-1, -1,-1,2,1,1,1,-1,-1,-1,-1,-1,-1,-1,-1, -1,-1,-1,2,1,1,5,-1,-1,-1,-1,-1,-1,-1, -1,-1,-1,-1,2,1,1,-1,-1,-1,-1,-1,-1,-1, -1,-1,-1,-1,-1,2,1,5,-1,-1,-1,-1,-1,-1, -1,-1,-1,-1,-1,-1,2,1,5,-1,-1,-1,-1,-1, -1,-1,-1,-1,-1,-1,-1,2,1,5,-1,-1,-1,-1, -1,-1,-1,-1,-1,-1,-1,-1,1,1,1,5,-1,-1, -1,-1,-1,-1,-1,-1,1,1,1,1,1,1,1,1, -1,-1,-1,-1,-1,-1,1,1,1,1,1,1,1,1, -1,-1,-1,-1,-1,-1,1,1,1,1,1,1,1,1, -1,-1,-1,-1,-1,-1,1,1,1,1,1,1,1,1], #specs2:0, #tp:"voxelStruct", #repeatL:[1,1,1,1,1,1,1,1,1], #bfTiles:0, #rnd:1, #ptPos:0, #tags:[]]
[#nm:"Spire Top A", #sz:point(4,7), #specs:[0,0,0,0,3,1,1, 0,3,1,1,1,1,1, 0,2,1,1,1,1,1, 0,0,0,0,2,1,1], #specs2:0, #tp:"voxelStruct", #repeatL:[1,1,1,1,1,1,1,1,1], #bfTiles:0, #rnd:1, #ptPos:0, #tags:[]]
[#nm:"Spire Top B", #sz:point(6,3), #specs:[0,0,0, 0,3,1, 0,1,1, 0,1,1, 0,2,1, 0,0,0], #specs2:0, #tp:"voxelStruct", #repeatL:[1,1,1,1,1,1,1,1,1], #bfTiles:0, #rnd:1, #ptPos:0, #tags:[]]