FT_F01
302*35|5|1
0.0000*1.0000|0|0
-212,-40|805,-40|1821,-40|2838,-40|3854,-40|4868,-40
Border: Solid




0

1|1|1|1|1|1|1|1|1|0|0|0|0|1|1|1|1|1|1|1|1|1|1|2|0|1|1|1|0|0,6|0,6|0,6|0,6|0|0,6|1|1|1|1|1|1|1|1|1|0|0|0|0|1|1|1|1|1|1|1|1|1|1|1|0|1|1|1|0|0,6|0,6|0,6|0,6|0|0,6|1|1|1|1|1|1|1|1|1|0|0|0|0|1|1|1|1|1|1|1|1|1|1|1|0|1|1|1|1|0,6|0,6|0,6|0,6|0|0,6|1|1|1|1|1|1|1|1|1|1|0|0|0|1|1|1|1|1|1|1|1|1|1|1|1|1|1,4,3|1|1|2,6|0,6|0,6|0,6|0|0,6|1|1|1|1|1|1|1|1|1|1|0|0|0|1|1|1|1|1|1|1|1|1|1|1|1|1|1,3|1|1|1|1|0,6|0,6|0|0,6|1|1|1|1|1|1|1|1|1|1|1|1|1|1|1|1|1|1|1|1|1|1|1|2,6|1|1|1,3|1|1|1|1|1|1|1|1|1|1|1|1|1|1|1|1|1|1|1|1|1|1|1|1|1|1|1|1|1|1|1|0,6|1|1|1,3|1|1|1|1|1|1|1|1|1|1|1|1|1|1|1|1|1|1|1|1|0,6|1|1|1|1|1|1|1|1|1|1|0,6|1|1|1,3|1|1|1|1|1|1|1|1|1|1|1|1|1|1|1|1|1|1|1|1|0,6|1|1|1|1|1|1|1|1|1|1|0,6|1|1|1,3|1|1|1|1|1|1|1|1|1|1|1|1|1|1|1|1|1|1|1|1|1|1|1|1|1|1|1|1|1|1|1|1|1|1|1,3|1|1|1|1|1|1|1|1|1|1|1|1|1|1|1|1|1|1|1|1|1|1|1|1|1|1|1|1|1|1|1|1|1|1|1,3|1|1|1|1|1|1|1|1|1|1|1|1|1|1|1|1|1|1|1|1|0,6|1|1|1|1|1|1|1|1|1|1|1|1|1|1,3|1|1|1|1|1|1|1|1|1|1|1|1|1|1|1|1|1|1|1|1|0,6|1|1|1|1|1|1|1|1|1|1|1|1|1|1,3|1|1|1|1|1|1|1|1|1|1|1|1|1|1|1|1|1|1|1|1|1|1|1|1|1|1|1|1|1|1|1|1|1|1|1,3|1|1|1|1|1|1|1|1|1|1|1|1|1|1|1|1|1|1|1|1|1|1|1|1|1|1|1|1|1|1|1|1|1|1|1,3|1|1|1|1|1|1|1|1|1|1|1|1|1|1|1|1|1|1|1|1|0,6|1|1|1|1|1|1|1|1|1|1|0,6|1|1|1,3|1|1|1|1|1|1|1|1|1|1|1|1|1|1|1|1|1|1|1|1|0,6|1|1|1|1|1|1|1|1|1|1|0,6|1|1|1,3|1|1|1|1|1|1|1|1|1|1|1|1|1|1|1|1|1|1|1|1|1|1|1|1|1|1|1|1|1|1|1|0,6|1|1|1,3|1|1|1|1|1|1|1|1|1|1|1|1|1|1|1|1|1|1|1|1|1|1|1|1|1|1|1|1|1|1|1|0,6|1|1|1,3|1|1|1|1|1|1|1|1|1|1|1|1|1|1|1|1|1|1|0,6|0|0|1|1|1|1|1|1|1|1,5,3|1|1|2,6|0,6|1|4,3,6|1|1|1|1|0,6|0,6|0|0,6|1|1|1|1|1|1|1|1|1|0|0,6|0|0|1|1|1|1|1|1|1|1,3|1|1|1|0,6|1|0,6|1|1|2,6|0,6|0,6|0,6|0|0,6|1|1|1|1|1|1|1|1|1|0|0,6|0|0|1|1|1|1|1|1|1|1,3|1|1|1|0,6|1|0,6|1|1|0,6|0,6|0,6|0,6|0|0,6|1|1|1|1|1|1|1|1|0,6|0|0,6|0|0|1|1|1|1|1|1|1|1,3|1|1|1|0,6|1|0,6|1|0|0,6|0,6|0,6|0,6|0|0,6|1|1|1|1|1|1|1|1|0,6|0|0,6|0|0|1|1|1|1|1|1|1|1,3|1|1|1|0,6|1|0,6|1|0|0,6|0,6|0,6|0,6|0|0,6|1|1|1|1|1|1|1|0,6|0,6|0|0,6|0|0|1|1|1|1|1|1|1|1,3|1|1|2|0,6|1|0,6|1|0|0,6|0,6|0,6|0,6|0|0,6|1|1|1|1|1|1|1|0,6|0,6|0|0,6|0|0|1|1|1|1|1|1|1|1,3|1|1|0|0,6|1|0,6|1|0|0,6|0,6|0,6|0,6|0|0,6|1|1|1|1|1|1|1|0,6|0,6|0|0,6|0|0|1|1|1|1|1|1|1|1,3|1|1|0|0,6|1|0,6|1|0|0,6|0,6|0,6|0,6|0|0,6|1|1|1|1|1|1|1|0,6|0,6|0|0,6|0|0|1|1|1|1|1|1|1|1,3|1|1|0|0,6|1|0,6|1|0|0,6|0,6|0,6|0,6|0|0,6|1|1|1|1|1|1|0|0,6|0,6|0|0,6|0|0|1|1|1|1|1|1|1|4,3|1|1|0|0|1|0,6|1|0|0,6|0,6|0,6|0,6|0|0,6|1|1|1|1|1|1|0|0,6|0,6|0|0,6|0|0|2|1|1|1|1|1|1|0|1|1|0|0|1|0,6|1|0|0,6|0,6|0,6|0,6|0|0,6|1|1|1|1|1|1|0|0,6|0,6|0|0,6|0|0|0|0|0|0|1|0|0|0|0|1|0|0|1|0,6|1|0,6|0,6|0,6|0,6|0,6|0|0,6|1|1|1|1|1|1|0|0,6|0,6|0|0,6|0|0|0|0|0|0|0|0|0|0|0|0|0|0|3,6|0,6|1|0,6|0,6|0,6|0,6|0,6|0|0,6|1|1|1|1|1|1|0|0,6|0,6|0|0,6|0|0|0|0|0|0|0|0|0|0|0|0|0|0|1|0,6|1|0,6|0,6|0,6|0,6|0,6|0|0,6|1|1|1|1|1|1|0|0,6|0,6|0|0,6|0|0|0|0|0|0|0|0|0|0|0|0|0|0|1|0,6|1|0,6|0,6|0,6|0,6|0,6|0|0,6|1|1|1|1|1|1|0|0,6|0,6|0|0,6|0|0|0|0|0|0|0|0|0|0|0|0|0|0,6|1|0,6|1|0,6|0,6|0,6|0,6|0,6|0|0,6|1|1|1|1|1|1|0|0,6|0,6|0|0,6|0|0|0|0|0|0|0|0|0|0|0|0|0|0,6|1|0,6|1|0,6|0,6|0,6|0,6|0,6|0|0,6|1|1|1|1|1|1|0|0,6|0,6|0|0,6|0|0|0|0|0|0|0|0|0|0|0|0|0|0,6|1|0,6|1|0,6|0,6|0,6|0,6|0,6|0|0,6|1|1|1|1|1|1|0|0,6|0,6|0|0,6|0|0|0|0|0|0|0|0|0|0|0|0|0|0,6|1|0,6|1|1|0,6|0,6|0,6|0,6|0|0,6|1|1|1|1|1|1|0|0,6|0,6|0|0,6|0|0|0|0|0|0|0|0|0|0|0|0|0,6|0,6|1|0,6|1|1|0,6|0,6|0,6|0,6|0|0,6|1|1|1|1|1|1|0|0,6|0,6|0|0,6|0|0|0|0|0|0|0|0|0|0|0|0|0,6|0,6|1|0,6|1|1|0,6|0,6|0,6|0,6|0|0,6|1|1|1|1|1|1|0|0,6|0,6|0|0,6|0|0|0|0|0|0|0|0|0|0|0|0,6|0,6|0,6|1|0,6|1|1|0,6|0,6|0,6|0,6|0|0,6|1|1|1|1|1|1|0,6|0,6|0,6|0|0,6|0|0|0|0|0|0|0|0|0|0|0|0,6|0,6|0,6|1|0,6|1|1|0,6|0,6|0,6|0,6|0|0,6|1|1|1|1|1|1|0,6|0,6|0,6|0|0,6|0|0|0|0|0|0|0|0|0|0|0|0,6|0,6|0,6|1|0,6|1|1|0,6|0,6|0,6|0,6|0|0,6|1|1|1|1|1|1|0|0|0|0|0,6|0|0|0|0|0|0|0|0|0|0|0|0,6|0,6|0,6|1|0,6|1|1|0,6|0,6|0,6|0,6|0|0,6|1|1|1|1|1|1|0,6|0,6|0,6|0,6|0,6|0|0|0|0|0|0|0|0|0|0|0|0,6|0,6|0,6|1|0,6|1|1|1|0,6|0,6|0,6|0|0,6|1|1|1|1|1|1|0,6|0|0|0|0|0|0|0|0|0|0|0|0|0|0|0|0,6|0,6|0,6|1|0,6|1|1|1|0,6|0,6|0,6|0|0,6|1|1|1|1|1|0,6|0,6|0|0|0|0|0|0|0|0|0|0|0|0|0|0|0|0|0,6|1|1|0,6|1|1|1|0,6|0,6|0,6|0|0,6|1|1|1|1|1|0,6|0,6|0|0|0|0|0|0|0|0|0|0|0|0|0|0|0|0|0,6|1|1|0,6|1|1|1|1|0,6|0,6|0|0,6|1|1|1|1|1|0,6|0,6|0|0|0|0|0|0|0|0|0|0|0|0|0|0|0|0|0,6|1|1|0,6|1|1|1|1|0,6|0,6|0|0,6|1|1|1|1|1|0,6|0,6|0|0|0|0|0|0|0|0|0|0|0|0|0|0|0|0|1|1|1|0,6|1|1|1|1|0,6|0,6|0|0,6|1|1|1|1|1|0,6|0|0|0|0|0|0|0|0|0|0|0|0|0|0|0|0|0|1|1|1|0,6|1|1|1|1|0,6|0,6|0|0,6|1|1|1|1|1|0,6|0|0|0|0|0|0|0|0|0|0|0|0,6|0|0|0|0|0,6|1|1|1|0,6|1|1|1|1|0,6|0,6|0|0,6|1|1|1|1|0,6|0,6|0|0|0|0|0|0|0|0|0,6|0,6|0,6|0,6|0,6|0,6|0|0,6|0,6|1|1|1|0,6|1|1|1|1|1|0,6|0|0,6|1|1|1|1|0,6|0,6|0|0|0|0|0|0|0|0,6|0,6|0,6|0,6|0,6|0,6|0,6|0|0,6|0,6|1|1|1|0,6|1|1|1|1|1|0,6|0,6|0,6|1|1|1|0,6|0,6|0,6|0|0|0|0|0|0|0|0,6|0,6|0,6|0,6|0,6|0,6|0,6|0,6|0,6|0,6|1|1|1|0,6|1|1|1|1|1|0,6|0,6|0,6|1|1|1|0,6|0,6|0,6|0|0|0|0|0|0|0|0,6|0,6|0,6|0,6|0,6|0,6|0,6|0,6|0,6|0,6|1|1|1|0,6|1|1|1|1|1|0,6|0,6|0,6|1|1|1|0,6|0,6|0,6|0|0|0|0|0|0|0|0,6|0,6|0,6|0,6|0,6|0,6|0,6|0,6|0,6|0,6|1|1|1|0,6|1|1|1|1|1|0,6|0,6|0,6|1|1|1|0,6|0,6|0|0|0|0|0|0|0|0|0,6|0,6|0,6|0,6|0,6|0,6|0,6|0,6|0,6|1|1|1|1|0,6|1|1|1|1|1|1|0,6|0,6|1|1|0,6|0,6|0,6|0|0|0|0|0|0|0|0|0,6|0,6|0,6|0,6|0,6|0,6|0,6|0,6|0,6|1|1|1|1|0,6|1|1|1|1|1|1|0,6|0,6|1|1|0,6|0,6|0,6|0|0|0|0|0|0|0|0|0,6|0,6|0,6|0,6|0,6|0,6|0,6|0,6|0,6|1|1|1|1|0,6|1|1|1|1|1|1|1|0,6|1|1|0,6|0,6|0,6|0|0|0|0|0|0|0|0|0,6|0,6|0,6|0,6|0,6|0,6|0,6|0,6|0,6|1|1|1|1|0,6|1|1|1|1|1|1|1|1|1|1|0,6|0,6|0,6|0|0|0|0|0|0|0|0|0,6|0,6|0,6|0,6|0,6|0,6|0,6|0,6|0,6|1|1|1|1|0,6|1|1|1|1|1|1|1|1|1|1|0,6|0,6|0,6|0|0|0|0|0|0|0|0|0,6|0,6|0,6|0,6|0,6|0,6|0,6|0,6|0,6|0,6|1|1|1|0,6|1|1|1|1|1|1|1|1|1|1|1|0,6|0,6|0|0|0|0|0|0|0|0|0,6|0,6|0,6|0,6|0,6|0,6|0,6|0,6|0,6|0,6|1|1|1|0,6|1|1|1|1|1|1|1|1|1|1|1|0,6|0,6|0,6|0|0|0|0|0|0|0|0,6|0,6|0,6|0,6|0,6|0,6|0,6|0,6|0,6|0,6|1|1|1|0,6|1|1|1|1|1|1|1|1|1|1|1|1|0,6|0,6|0|0|0|0|0|0|0|0,6|0,6|0,6|0,6|0,6|0,6|0,6|0,6|0,6|0,6|1|1|1|0,6|1|1|1|1|1|1|1|1|1|1|1|1|0,6|0,6|0|0|0|0|0|0|0|0,6|0,6|0,6|0,6|0,6|0,6|0,6|0,6|0,6|0,6|1|1|1|0,6|1|1|1|1|1|1|1|1|1|1|1|1|0,6|0,6|0|0|0|0|0|0|0|0,6|0,6|0,6|0,6|0,6|0,6|0,6|0,6|0,6|0,6|0|1|1|0,6|1|1|1|1|1|1|1|1|1|1|1|1|0,6|0,6|0,6|0|0|0|0|0|0|0,6|0,6|0,6|0,6|0,6|0,6|0,6|0,6|0,6|0,6|0|1|1|0,6|1|1|1|1|1|1|1|1|1|1|1|1|1|0,6|0,6|0|0|0|0|0|0|0,6|0,6|0,6|0,6|0,6|0,6|0,6|0,6|0,6|0,6|0|1|1|0,6|1|1|1|1|1|1|1|1|1|1|1|1|1|0,6|0,6|0|0|0|0|0|0|0,6|0,6|0,6|0,6|0,6|0,6|0,6|0,6|0,6|0,6|0|1|1|0,6|1|1|1|1|1|1|1|1|1|1|1|1|1|1|0,6|0|0|0|0|0|0|0,6|0,6|0,6|0,6|0,6|0,6|0,6|0,6|0,6|0,6|0|0|1|0,6|1|1|1|1|1|1|1|1|1|1|1|1|1|1|0,6|0|0|0|0|0|0|0,6|0,6|0,6|0,6|0,6|0,6|0,6|0,6|0,6|0,6|0|0|1|0,6|0,6|1|1|1|1|1|1|1|1|1|1|1|1|1|0,6|0|0|0|0|0|0|0,6|0,6|0,6|0,6|0,6|0,6|0,6|0,6|0,6|0,6|0|0|1|0,6|0,6|1|1|1|1|1|1|1|1|1|1|1|1|1|0,6|0|0|0|0|0|0|0,6|0,6|0,6|0,6|0,6|0,6|0,6|0,6|0,6|0,6|0|0|1|0,6|0,6|1|1|1|1|1|1|1|1|1|1|1|1|1|0,6|0|0|0|0|0|0|0,6|0,6|0,6|0,6|1|0,6|0,6|0,6|0,6|1|0|0|1|0,6|0,6|1|1|1|1|1|1|1|1|1|1|1|1|1|0,6|0|0|0|0|0|0|2,6|1|1|1|1|1|1|0,6|1|1|0|0|1|0,6|0,6|1|1|1|1|1|1|1|1|1|1|1|1|1|0,6|0|0|0|0|0|0|1|1|1|1|1|1|1|4,3,6|1|1|0,6|0|1|0,6|0,6|1|1|1|1|1|1|1|1|1|1|1|1|1|0,6|0|0|0|0|0|0|1|1|1|1|1|1|1|1,3|1|1|0,6|0|1|0,6|0,6|0,6|1|1|1|1|1|1|1|1|1|1|1|1|0,6|0,6|0|0|0|0|0|1|1|1|1|1|1|1|1,3|1|1|0,6|0|1|0,6|0,6|0,6|1|1|1|1|1|1|1|1|1|1|1|1|1|0,6|0|0|0|0|1|1|1|1|1|1|1|1|1,3|1|1|0,6|0|1|0,6|0,6|0,6|1|1|1|1|1|1|1|1|1|1|1|1|1|0,6|0|0|0|1|1|1|1|1|1|1|1|1|1,3|1|1|2|0|3,6|0,6|0,6|0,6|1|1|1|1|1|1|1|1|1|1|1|1|1|0,6|0|0|0|3|4,3|1,3|1,3|1,3|1,3|1,3|1,3|1,3|1,3|1|1|1|0|1|0,6|0,6|0,6|1|1|1|1|1|1|1|1|1|1|1|1|1|0|0|0|0|1|1|1|1|1|1|1|1|1|1|1|1|1|0|1|0,6|0,6|0,6|1|1|1|1|1|1|1|1|1|1|1|1|0,6|0|0|0|0|0|1|1|1|1|1|1|1|1|1|1|1|1|0|1|0,6|0,6|0,6|1|1|1|1|1|1|1|1|1|1|1|1|0,6|0|0|0|0|0|0|1|1|1|1|1|1|1|1|1|1|1|0|1|0,6|0,6|1|1|1|1|1|1|1|0,6|1|1|1|1|0,6|0|0|0|0|0|0|1|1|1|1|1|1|1|1|1|1|1|2|0|1|0,6|0,6|1|1|1|1|1|1|1|0,6|0,6|0,6|0,6|0,6|0|0|0|0|0|0|0|1|1|1|1|1|1|1|1|1|1|1|0|0,6|1|0,6|1|1|1|1|1|1|1|1|0,6|0,6|0,6|0,6|0,6|0|0|0|0|0|0|1|1|1|1|1|1|1|1|1|1|1|1|0|0,6|1|0,6|1|1|1|1|1|1|1|1|0,6|0,6|0,6|0,6|0|0|0|0|0|0|0|1|1|1|1|1|1|1|1|1|1|1|1|0|0,6|1|0,6|1|1|1|1|1|1|1|1|1|1|0,6|0,6|0|0|0|0|0|0|1|1|1|1|1|1|1|1|1|1|1|1|1|0|0,6|1|0,6|1|1|1|1|1|1|1|1|1|1|1|0,6|0,6|0|0|0|0|0|1|1|1|1|1|1|1|1|1|1|1|1|1|0,6|0,6|1|0,6|1|1|1|1|1|1|1|1|1|1|1|1|0,6|0|0|0|0|0|0|1|1|1|1|1|1|1|1|1|1|1|1|0,6|0,6|1|0,6|1|1|1|1|1|1|1|1|1|1|1|1|1|0,6|0,6|0|0|0|0|1|1|1|1|1|1|1|1|1|1|1|1|0,6|0,6|1|0,6|1|1|1|1|1|1|1|1|1|1|1|1|1|1|0,6|0|0|0|0|0|1|1|1|1|1|1|1|1|1|1|1|0,6|0,6|1|0,6|1|1|1|1|1|1|1|1|1|1|1|1|1|1|0,6|0|0|0|0|0|1|1|1|1|1|1|1|1|1|1|1|0|0,6|1|0,6|1|1|1|1|1|1|1|1|1|1|1|1|1|1|1|0,6|0|0|0|0|1|1|1|1|1|1|1|1|1|1|1|0|0,6|1|0,6|1|1|1|1|1|1|1|1|1|1|1|1|1|1|1|0,6|0|0|0|0|1|1|1|1|1|1|1|1|1|1|1|0|0,6|1|0,6|1|1|1|1|1|1|1|1|1|1|1|1|1|1|1|0,6|0|0|0|0|1|1|1|1|1|1|1|1|1|1|1|0|0|1|0,6|1|1|1|1|1|1|1|1|1|1|1|1|1|1|1|1|0,6|0|0|0|1|1|1|1|1|1|1|1|1|1|1|0|0|1|0,6|1|1|1|1|1|1|1|1|1|1|1|1|1|1|1|1|0,6|0|0|0|0|1|1|1|1|1|1|1|1|1|1|2|0|1|0,6|1|1|1|1|1|1|1|1|1|1|1|1|1|1|1|0,6|0|0|0|0|0|1|1|1|1|1|1|1|1|1|1|1|0|1|0,6|1|1|1|1|1|1|1|1|1|1|1|1|1|1|1|0,6|0|0|0|0|0|1|1|1|1|1|1|1|1|1|1|1|0|1|0,6|1|1|1|1|1|1|1|1|1|1|1|1|1|1|0,6|0|0|0|0|0|1|1|1|1|1|1|1|1|1|1|1|1|0|1|0,6|1|1|1|1|1|1|1|1|1|1|1|1|1|1|0,6|0|0|0|0|1|1|1|1|1|1|1|1|1|1|1|1|1|0|1|0,6|1|1|1|1|1|1|1|1|1|1|1|1|1|1|0,6|0|0|0|0|3|4,3|1,3|1,3|1,3|1,3|1,3|1,3|1,3|1,3|1|1|2|0|1|0,6|1|1|1|1|1|1|1|1|1|1|1|1|1|1|0,6|0|0|0|0|1|1|1|1|1|1|1|1|1|1,3|1|1|0|0|1|0,6|1|1|1|1|1|1|1|1|1|1|1|1|1|1|0|0|0|0|0|0|1|1|1|1|1|1|1|1|1,3|1|1|0|0|1|0,6|1|1|1|1|1|1|1|1|1|1|1|1|1|1|0|0|0|0|0|0|0|1|1|1|1|1|1|1|1,3|1|1|0|0|1|0,6|1|1|1|1|1|1|1|1|1|1|1|1|1|1|0|0|0|0|0|0|0|1|1|1|1|1|1|1|4,3|1|1|0|0|1|0,6|1|1|1|1|1|1|1|1|1|1|1|1|1|1|0|0|0|0|0|0|0|2|1|1|1|1|1|1|0|1|1|0|0|1|0,6|1|1|1|1|1|1|1|1|1|1|1|1|1|1|0|0|0|0|0|0|0|0|0|0|0|1|0|0|0|0|1|0|0|1|0,6|1|1|1|1|1|1|1|1|1|1|1|1|1|1|0|0|0|0|0|0|0|0|0|0|0|0|0|0|0|0|0,6|0|0|1|0,6|1|1|1|1|1|1|1|1|1|1|1|1|1|1|0|0|0|0|0|0|0|0|0|0|0|0|0|0|0|0|0,6|0|0|1|0,6|1|1|1|1|1|1|1|1|1|1|1|1|1|1|0|0|0|0|0|0|0|0|0|0|0|0|0|0|0|0|0,6|0|0|1|0,6|1|1|1|1|1|1|1|1|1|1|1|1|1|1|0|0|0|0|0|0|0|0|0|0|0|0|0|0|0|0|0,6|0|0|1|0,6|1|1|1|1|1|1|1|1|1|1|1|1|1|1|0|0|0|0|0|0|0|0|0|0|0|0|0|0|0|0|0|0|0|1|0,6|1|1|1|1|1|1|1|1|1|1|1|1|1|1|1|1|1|0|0|0|0|0|0|0|0|0|0|0|0|0|0|0|0|1|0,6|1|1|1|1|1|1|1|1|1|1|1|1|1|1|1|1|1|0|0|0|0|0|0|0|0|0|0|0|0|0|0|0|0|0,6|0,6|1|1|1|1|1|1|1|0,6|1|1|1|1|1|1|0|1|1|0|0|0|0|0|0|0|0|0|0|0|0|0|0|0|0|0,6|0,6|1|1|1|1|1|1|0,6|0,6|1|1|1|1|1|1|0|1|1|0|0|0|0|0|0|0|0|0|0|0|0|0|0|0|0|0,6|0,6|1|0,6|1|1|1|1|0,6|0,6|1|1|1|1|1|2,6|0|1|1|0|0|0|0|0|0|0|0|0|0|0|0|0|0|0|0|0,6|0,6|1|0,6|1|1|1|0,6|0,6|0,6|1|1|1|1|1|0,6|0|1|1|0|0|0|0|0|0|0|0|0|0|0|0|0|0|0|0|0,6|0,6|0,6|0,6|1|1|1|0,6|0,6|0|1|1|1|1|1|0,6|0|1|1|0|0|0|0|0|0|0|0|0|0|0|0|0|0|0|0|0,6|0,6|0,6|0,6|1|1|1|0,6|0|0|1|1|1|1|1|0,6|0|1|1|0|0|0|0|0|0|0|0|0|0|0|0|0|0|0|0|0,6|0|0,6|0,6|0,6|1|1|0,6|0|0|1|1|1|1|1|0,6|0|1|1|0|0|0|0|0|0|0|0|0|0|0|0|0|0|0|0|0,6|0|0,6|0,6|0,6|1|0,6|0|0|0|1|1|1|1|1|0,6|0,6|1|1|0,6|0,6|0,6|0,6|0|0|0|0|0|0|0|0|0|0|0|0|0,6|0|0,6|0,6|0,6|1|0,6|0|0|0|1|1|1|1|1|0,6|0,6|1|1|0,6|0,6|0,6|0,6|0|0|0|0|0|0|0|0|0|0|0|0|0|0|0,6|0,6|0,6|1|0,6|0|0|0|1|1|1|1|1|0,6|0,6|1|1|0,6|0,6|0,6|0,6|0|0|0|0|0|0|0|0|0|0|0|0|0|0|0,6|0|0,6|0,6|0,6|0|0|0|1|1|1|1|1|0,6|0,6|1|1|0,6|0,6|0,6|0,6|0|0|0|0|0|0|0|0|0|0|0|0|0|0|0,6|0|0,6|0,6|0|0|0|0|1|1|1|1|1|0,6|0|1|1|0,6|0,6|0,6|0,6|0|0|0|0|0|0|0|0|0|0|0|0|0|0|0,6|0|0,6|0,6|0|0|0|0|1|1|1|1|1|0,6|0|1|1|0,6|0,6|0,6|0,6|0|0|0|0|0|0|0|0|0|0|0|0|0|0|0,6|0|0|0,6|0|0|0|0|1|1|1|1|1|0,6|0|1|1|0,6|0,6|0,6|0,6|0|0|0|0|0|0|0|0|0|0|0|0|0|0|0|0|0|0,6|0|0|0|0|1|1|1|1|1|0,6|0|1|1|0,6|0,6|0,6|0,6|0|0|0|0|0|0|0|0|0|0|0|0|0|0|0|0|0|0,6|0|0|0|0|1|1|1|1|1|0,6|0|1|1|0,6|0,6|0,6|0,6|0|0|0|0|0|0|0|0|0|0|0|0|0|0|0|0|0|0|0|0|0|0|1|1|1|1|1|0,6|0|1|1|0,6|0,6|0,6|0,6|0|0|0|0|0|0|0|0|0|0|0|0|0|0|0|0|0|0|0|0|0|0|1|1|1|1|1|0,6|1|1|1|1|0,6|0,6|0,6|0|0|0|0|0|0|0|0|0|0|0|0|0|0|0|0|0|0|0|0|0|0|1|1|1|1|1|0,6|1|1|1|1|0,6|0,6|0,6|0|0|0|0|0|0|0|0|0|0|0|0|0|0|0|0|0|0|0|0|0|0|1|1|1|1|1|0,6|1|1|1|1|0,6|0,6|0,6|0|0|0|0|0|0|0|0|0|0|0|0|0|0|0|0|0|0|0|0,6|0|0|1|1|1|1|1|0,6|1|1|1|1|0,6|0,6|0,6|0|0|0|0|0|0|0|0|0|0|0|0|0|0|0|0|0|0|0|0,6|0|0|1|1|1|1|1|0,6|0|1|1|0,6|0,6|0,6|0,6|0|0|0|0|0|0|0|0|0|0|0|0|0|0|0|0|0|0|0|0,6|0|0|1|1|1|1|1|0,6|0|1|1|0,6|0,6|0,6|0,6|0|0|0|0|0|0|0|0|0|0,6|0|0|0|0|0|0|0|0|0|0,6|0|0|1|1|1|1|1|0,6|0|1|1|0,6|0,6|0,6|0,6|0|0|0|0|0|0|0|0|0|0,6|0|0|0,6|0|0|0|0|0|0,6|0,6|0,6|0|1|1|1|1|1|0,6|0|1|1|0,6|0,6|0,6|0,6|0|0|0|0|0|0|0|0|0|0,6|0|0|0,6|0|0|0|0|0|0,6|0,6|0,6|0|1|1|1|1|1|0,6|1|1|1|1|0,6|0,6|0,6|0|0|0|0|0|0|0|0|0|0,6|0|0|0,6|0|0,6|0|0|0,6|0,6|0,6|0,6|0,6|1|1|1|1|1|0,6|1|1|1|1|0,6|0,6|0,6|0|0|0|0|0|0|0|0|0|0,6|0|0|0,6|0|0,6|0|0|0,6|0,6|1|0,6|0,6|1|1|1|1|1|0,6|1|1|1|1|0,6|0,6|0,6|0|0|0|0|0|0|0|0|0|1|0|0|0,6|0,6|0,6|0|0|0,6|0,6|1|0,6|0,6|1|1|1|1|1|0,6|1|1|1|1|0,6|0,6|0,6|0|0|0|0|0|0|0|0|0|1|0|0|0,6|0,6|0,6|0|0,6|0,6|0,6|1|1|0,6|1|1|1|1|1|0,6|0|1|1|0,6|0,6|0,6|0,6|0|0|0|0|0|0|0|0|0|1|0|0|1|0,6|0,6|0|0,6|0,6|1|1|1|0,6|1|1|1|1|1|0,6|0|1|1|0,6|0,6|0,6|0,6|0|0|0|0|2|1|1|1|1|1|0|0|1|0,6|0,6|0|0,6|0,6|1|1|1|1|1|1|1|1|1|2,6|0|1|1|0,6|0,6|0,6|0,6|0|0|0|0|1|1|1|0|1|1|0|0|1|0,6|0,6|0|0,6|1|1|1|1|1|1|1|1|1|1|1|0|1|1|0,6|0,6|0,6|0,6|0|0|0|0|1|0|0|0|0|1|0|0|1|0,6|0,6|0,6|0,6|1|1|1|1|1|1|1|1|1|1|1|0|1|1|0,6|0,6|0,6|0,6|0|0|0|0|0|0|0|0|1|1|2|0|1|0,6|0,6|0,6|1|1|1|1|1|1|1|1|1|1|1|1|1|1|1|0,6|0,6|0,6|0,6|0|0|0|0|0|0|0|0|1|1|1|0|1|0,6|0,6|0,6|1|1|1|1|1|1|1|1|1|1|1|1|1|1|1|0,6|0,6|0,6|0,6|0|0|0|0|0|0|0|1|1|1|1|0|1|0,6|0,6|0,6|1|1|1|1|1|1|1|1|1|1|1|1|0|0|0|0,6|0,6|0,6|0,6|0|0|0|1|1|1|1|1|1|1|1|0|1|0,6|0,6|0,6|1|1|1|1|1|1|1|1|1|1|1|1|0|0|0|0,6|0,6|0,6|0,6|0|0|0|1|1|1|1|1|1|1|1|0|1|0,6|1|1|1|1|1|1|1|1|1|1|1|1|1|1|0|0|0|0,6|0,6|0,6|0,6|0|0|0|1|1|1|1|1|1|1|2|0|1|0,6|1|1|1|1|1|1|1|1|1|1|1|1|1|1|0,6|0,6|0,6|0,6|0,6|0,6|0,6|0|0|0|1|1|1|1|1|1|1|0|0|1|0,6|1|1|1|1|1|1|1|1|1|1|1|1|1|1|0,6|0,6|0,6|0,6|0,6|0,6|0,6|0|0|0|1|1|1|1|1|1|1|0|0|1|0,6|1|1|1|1|1|1|1|1|1|1|1|1|1|1|2,6|0,6|0,6|0,6|0,6|0,6|0,6|0|0|0|1|1|1|1|1|1|1|0|0|1|0,6|1|1|1|1|1|1|1|1|1|1|1|1|1|1|1|2,6|0,6|0,6|0,6|0,6|0,6|0|0|0|0|0|1|1|1|1|1|0|0|1|0,6|1|1|1|1|1|1|1|1|1|1|1|1|1|1|1|1|0|0|0|0|0|0|0|0|0|0|1|1|1|1|1|0|0|1|0,6|1|1|1|1|1|1|1|1|1|1|1|1|1|1|1|1|0|0|0|0|0|0|0|0|0|0|1|1|1|1|1|0|0|1|0,6|1|1|1|1|1|1|1|1|1|1|1|1|1|1|1|1|0|0|0|0|0|0|0|0|0|0|1|1|1|1|1|0|0|1|0,6|1|1|1|1|1|1|1|1|1,3|1,3|1,3|1,3|1,3|1,3|4,3|0,1|0,1|0,1|0,1|0|0|0|0|0|0|0|0|0|0|0|1|0|0|1|0,6|1|1|1|1|1|1|1|1|1|1|1|1|1|1|1|1|0|0|0|0|0|0|0|0|0|0|0|0|0|0|1|0|0|1|0,6|1|1|1|1|1|1|1|1|1|1|1|1|1|1|1|1|0,6|0,6|0,6|0,6|0,6|0,6|0,6|0,6|0,6|0,6|0,6|0,6|1|1|1|0,6|0,6|1|0,6|1|1|1|1|1|1|1|1|1,3|1,3|1,3|1,3|1,3|1,3|4,3,6|0,1,6|0,1,6|0,1,6|0,1,6|0,1,6|0,1,6|0,1,6|0,1,6|0,6|0,6|0,6|0,6|0,6|1|1|1|0,6|0,6|1|0,6|1|1|1|1|1|1|1|1|1|1|1|1|1|1|1|1|0,6|0,6|0,6|0,6|0,6|0,6|0,6|0,6|0,6|0,6|0,6|1|1|1|1|0,6|0,6|1|0,6|1|1|1|1|1|1|1|1|1|1|1|1|1|1|1|1|0,6|0,6|0,6|0,6|0,6|0,6|0,6|0,6|0,6|0,6|0,6|1|1|1|1|0,6|0,6|1|0,6|1|1|1|1|1|1|1|1|1,4,3|1,3|1,3|1,3|1,3|1,3|4,3,6|0,1,6|0,1,6|0,1,6|0,1,6|0,6|0,6|0,6|0,6|0,6|0,6|0,6|0,6|1|1|1|1|2,6|0,6|1|0,6|1|1|1|1|1|1|1|1|1|1|1|1|1|1|1|1|0,6|0,6|0,6|0,6|0,6|0,6|0,6|0,6|0,6|0,6|0,6|1|1|1|1|1|0,6|1|0,6|1|1|1|1|1|1|1|1|1|1|1|1|1|1|1|1|0,6|0,6|0,6|0,6|0,6|0,6|0,6|0,6|0,6|0,6|0,6|0,6|1|1|1|1|0,6|1|0,6|1|1|1|1|1|1|1|1|1|1|1|1|1|1|1|1|0,6|0,6|0,6|0,6|0,6|0,6|0,6|0,6|0,6|0,6|0,6|0,6|1|1|1|1|0,6|1|0,6|1|1|1|1|1|1|1|1|1|1|1|1|1|1|1|1|0,6|0,6|0,6|0,6|0,6|0,6|0,6|0,6|0,6|0,6|0,6|0,6|0,6|0,6|1|1|0,6|1|0,6|1|1|1|1|1|1|1|1|1|1|1|1|1|1|1|1|0,6|0,6|0,6|0,6|0,6|0,6|0,6|0,6|0,6|0,6|0,6|0,6|0,6|0,6|1|2,6|0,6|1|0,6|1|1|1|1|1|1|1|1|1|1|1|1|1|1|1|1|0,6|0,6|0,6|0,6|0,6|0,6|0,6|0,6|0,6|1|0,6|0,6|0,6|0,6|1|0,6|0,6|1|0,6|1|1|1|1|1|1|1|1|1|1|1|1|1|1|1|1|0,6|0,6|0,6|0,6|0,6|0,6|0,6|0,6|0,6|1|1|1|0,6|1|1|0,6|0,6|1|0,6|1|1|1|1|1|1|1|1|1|1|1|1|1|1|1|1|0,6|0,6|0,6|0,6|0,6|0,6|0,6|0,6|0,6|2,6|1|1|1|1|1|0,6|0,6|3,6|0,6|1|1|1|1|1|1|1|1|1|1|1|1|1|1|1|1|0,6|0,6|0,6|0,6|0,6|0,6|0,6|0,6|0,6|0,6|0,6|0,6|0,6|0,6|1|0,6|0,6|1|0,6|1|1|1|1|1|1|1|1|1,3|1,3|1,3|1,3|1,3|1,3|4,3,6|0,1,6|0,1,6|0,1,6|0,1,6|0,6|0,6|0,6|0,6|0,6|0,6|0,6|0,6|0,6|0,6|0,6|1|0,6|0,6|1|0,6|1|1|1|1|1|1|1|1|1|1|1|1|1|1|1|1|0,6|0,6|0,6|0,6|0,6|0,6|0,6|0,6|0,6|0,6|0,6|0,6|0,6|0,6|1|0,6|0,6|1|0,6|1|1|1|1|1|1|1|1|1|1|1|1|1|1|1|1|0,6|0,6|0,6|0,6|0,6|0,6|0,6|0,6|0,6|0,6|0,6|0,6|0,6|0,6|0,6|0,6|0,6|1|0,6|1|1|1|1|1|1|1|1|1,9,3|1,3|1,3|1,3|1,3|1,3|4,3,6|0,1,6|0,1,6|0,1,6|0,1,6|0,1,6|0,1,6|0,1,6|0,1,6|0,1,6|0,1,6|0,1,6|0,1,6|0,6|0,6|0,6|0,6|0,6|0,6|1|0,6|1|1|1|1|1|1|1|1|1|1|1|1|1|1|1|1|0|0|0|0|0|0|0|0|0|0|0|0|0|0|0|0|0|1|0,6|1|1|1|1|1|1|1|1|1|1|1|1|1|1|1|1|0|0|0|0|0|0|0|0|0|0|0|0|0|0|0|0|0|1|0,6|1|1|1|1|1|1|1|1|1,3|1,3|1,3|1,3|1,3|1,3|4,3|0,1|0,1|0,1|0,1|0,1|0,1|0,1|0|0|0|0|0|0|0|0|0|0|0|1|0,6|1|1|1|1|1|1|1|1|1|1|1|1|1|1|1|1|0|0|0|0|0|0|0|0|0|0|0|0|0|0|0|0|0|1|0,6|1|1|1|1|1|1|1|1|1|1|1|1|1|1|1|1|0|0|0|0|0|0|0|0|0|0|0|0|0|0|0|0|0|1|0,6|1|1|1|1|1|1|1|1|1|1|1|1|1|1|1|1|0,6|0,6|0,6|0,6|0|0|0|0|0|0|0|0|0|0|0|0|0,6|1|0,6|1|1|1|1|1|1|1|1|1|1|1|1|1|1|1|1|0,6|0,6|0,6|0,6|0|0|0|0|0|1|0|0|0|0|1|0|0,6|1|0,6|1|1|1|1|1|1|1|1|1|1|1|1|1|1|2|1|0|0|0,6|0,6|0|2|1|1|1|1|1|1|0|1|1|0|0,6|1|0,6|1|1|1|1|1|1|1|1|1|1|1|1|1|1|0|1|0|0|0,6|0,6|0|1|0|0|1|1|1|1|0|1|1|0,6|0,6|1|0,6|1|1|1|1|1|1|1|1|1|1|1|1|1|1|0,6|1|0,6|0|0,6|0,6|0|1|0|0|0|0|1|1|0|1|1|0,6|0,6|1|0,6|1|1|1|1|1|1|1|1|1|1|1|1|1|1|0,6|1|0,6|0|0,6|0,6|0|1|0|0|0|0|0|0|0|1|1|0,6|0,6|1|0,6|1|1|1|1|1|1|1|1|1|1|1|1|1|1|0|1|0,6|0|0,6|0,6|0|1|0|0|0|0|0|0|0|0|1|0,6|0,6|1|0,6|1|1|1|1|1|1|1|1|1|1|1|1|1|1|0|1|0,6|0|0,6|0,6|0|1|0|0|0|0|0|0|0|0|1|2,6|0,6|1|0,6|1|1|1|1|1|1|1|1|1|1|1|1|1|1|0|1|0,6|0|0,6|0,6|0,6|1|0,6|0,6|0,6|0,6|0,6|0,6|0,6|1|1|1|0,6|1|0,6|1|1|1|1|1|1|1|1|1|1|1|1|1|1|0|1|0,6|0|0,6|0,6|0,6|1|0,6|0,6|0,6|0,6|0,6|0,6|0,6|1|1|1|1|1|0,6|1|1|1|1|1|1|1|1|1|1|1|1|1|1|0|1|0,6|0|0|0|0|1|0|0|0|0|0|0|0|1|1|1|1|1|4,3,6|1|1|1|1|1|1|1|1|1|1|1|1|1|1|0|1|0,6|0|0|0|0|1|0|0|0|0|0|0|0|1|1|1|1|1|1,3|1|1|1|1|1|1|1|1|1|1|1|1|1|1|0|1|0,6|0|0|0|0|1|0|0|0|0|0|0|0|0|1|2|1|1|1,3|1|1|1|1|1|1|1|1|1|1|1|1|1|1|0|1|0,6|0|0|0|0|1|0|0|0|0|0|0|0|0|1|0|1|1|1,3|1|1|1|1|1|1|1|1|1|1|1|1|1|1|0|1|0,6|0|0|0|0|1|0|0|0|0|0|0|0|0|1|0|1|1|1,3|1|1|1|1|1|1|1|1|1|1|1|1|1|1|0|1|0,6|0|0|0|0|1|0|0|0|0|0|0|0|1|1|1|1|1|1,3|1|1|1|1|1|1|1|1|1|1|1|1|1|1|0|1|0,6|0|0|0|0|1|0|0|0|0|0|0|0|1|1|1|1|1|1,3|1|1|1|1|1|1|1|1|1|1|1|1|1|1|0|1|0,6|0|0|0|0|1|0|0|0|0|0|0|0|1|1|1|1|1|1,3|1|1|1|1|1|1|1|1|1|1|1|1|1|1|0|1|0,6|0|0|0|0|1|0|0|0|0|0|0|1|1|1|1|1|1|1,3|1|1|1|1|1|1|1|1|1|1|1|1|1|1|0|1|0,6|0|0|0|0|1|0|0|0|0|0|0|1|1|1|0,6|1|1|1,3|1|1|1|1|1|1|1|1|1|1|1|1|1|1|1|1|0,6|0|0|0|1|1|0|0|0|0|0|0|1|1|1|0,6|1|1|4,3,3,6|1|1|1|1|1|1|1|1|1|1|1|1|1|1|0|0,6|0,6|0|0|0|1|1|0|0|0|0|0|0,6|1|1|1|0,6|1|1|0,6|1|1|1|1|1|1|1|1|1|1|1|1|1|1|0,6|0,6|0,6|0|0|0|1|1|0|0|0|0|0|0,6|1|1|1|0,6|0,6|1|0,6|1|1|1|1|1|1|1|1|1|1|1|1|1|1|0,6|0,6|0,6|0|0|0|1|1|0|0|0|0|0|0,6|0,6|1|1|0,6|0,6|1|0,6|1|1|1|1|1|1|1|1|1|1|1|1|1|1|0,6|0|0|0|0|1|1|1|0|0|0|0|0|0|0,6|1|1|0|0,6|1|0,6|1|1|1|1|1|1|1|1|1|1|1|1|1|1|0,6|0|0|0|0|1|1|1|0|0|0|0|0|0|0,6|1|1|2|0,6|1|0,6|1|1|1|1|1|1|1|1|1|1|1|1|1|1|0,6|0|0|0|0|1|1|1|0|0|0|0|0|0|0,6|1|1|1|0,6|1|0,6|1|1|1|1|1|1|1|1|1|1|1|1|1|1|0,6|0|0|0|0|1|1|1|0|0|0|0|0|0|0,6|0,6|1|1|0,6|1|0,6|1|1|1|1|1|1|1|1|1|1|1|1|1|1|0,6|0,6|0|0|0|0|1|1|0|0|0|0|0|0|0|0,6|1|1|0|1|0,6|1|1|1|1|1|1|1|1|1|1|1|1|1|1|1|0,6|0|0|0|0|1|1|0|0|0|0|0|0|0|0,6|1|1|0|1|0,6|1|1|1|1|1|1|1|1|1|1|1|1|1|1|1|0,6|0|0|0|0|0|1|0|0|0|0|0|0|0|0|1|2|0|1|0,6|1|1|1|1|1|1|1|1|1|1|1|1|1|1|1|0,6|0|0|0|0|0|1|0|0|0|0|0|0|0|0|1|0|0|1|0,6|1|1|1|1|1|1|1|1|1|1|1|1|1|1|1|0,6|0|0|0|0|0|1|0|0|0|0|0|0|0|1|1|0|0|1|0,6|1|1|1|1|1|1|1|1|1|1|1|1|1|1|1|0,6|0|0|0|0|0|1|0|0|0|0|1|1|0|1|1|0|0|1|0,6|1|1|1|1|1|1|1|1|1|1|1|1|1|1|1|0,6|0,6|0|0|0|0|1|0|0|1|1|1|1|0|1|1|0|0|1|0,6|1|1|1|1|1|1|1|1|1|1|1|1|1|1|1|0,6|0,6|0|0|0|0|2|1|1|1|1|1|1|0|1|1|0|0|1|0,6|0,6|1|1|1|1|1|1|1|1|1|1|1|1|1|0,6|0,6|0,6|0|0|0|0|0|0|0|0|1|0|0|0|0|1|0|0,6|1|0,6|0,6|1|1|1|1|1|1|1|1|1|1|1|1|1|0,6|0,6|0,6|0|0|0|0|0|0|0|0|0|0|0|0|0|0|0|0,6|1|0,6|0,6|1|1|1|1|1|1|1|1|1|1|1|1|0,6|0,6|0,6|0,6|0|0|0|0|0|0|0|0|0|0|0|0|0|0|0|0,6|1|0,6|0,6|1|1|1|1|1|1|1|1|1|1|1|1|0,6|0,6|0,6|0,6|0|0|0|0|0|0|0|0|0|0|0|0|0|0|0|0,6|3,6|0,6|0,6|0,6|1|1|1|1|1|1|0,6|1|1|1|0,6|0,6|0,6|0,6|0|0|0|0|0|0|0|0|0|0|0|0|0|0|0|0|0,6|1|0,6|0,6|0,6|1|1|1|1|1|1|0,6|0,6|1|1|0,6|0,6|0,6|0,6|0|0|0|0|0|0|0|0|0|0|0|0|0|0|0|0,6|0,6|1|0,6|0,6|0,6|0,6|1|1|1|1|1|0,6|0,6|0,6|0,6|0,6|0,6|0,6|0,6|0|0|0|0|0|0|0|0|0|1|0|0|0|0|1|0,6|0,6|1|0,6|0,6|0,6|0,6|1|1|1|1|1|0,6|0,6|0,6|0,6|0,6|0,6|0,6|0,6|0|0|0|0|0|2|1|1|1|1|1|1|0|1|1|0,6|0,6|1|0,6|0,6|0,6|0,6|1|1|1|1|1|0,6|0,6|0,6|0,6|0,6|0,6|0,6|0|0|0|0|0|0|1|1|1|1|1|1|1|4,3|1|1|0,6|0,6|1|0,6|0,6|0,6|0,6|1|1|1|1|1|0,6|0,6|0,6|0,6|0,6|0,6|0,6|0|0|0|0|0|0|1|1|1|1|1|1|1|1,3|1|1|0,6|0,6|1|0,6|0,6|0,6|1|1|1|1|1|1|0,6|0,6|0,6|0,6|0,6|0|0|0|0|0|0|0|1|1|1|1|1|1|1|1|1,3|1|1|0,6|0,6|1|0,6|0,6|0,6|1|1|1|1|1|1|0,6|0,6|0,6|0,6|0|0|0|0|0|0|0|0|1|1|1|1|1|1|1|1|1,3|1|1|0|0,6|1|0,6|0,6|0,6|1|1|1|1|1|1|0,6|0,6|0,6|0,6|0|0|0|0|0|0|0|0|1|1|1|1|1|1|1|1|1,3|1|1|2|0,6|1|0,6|0,6|1|1|1|1|1|1|1|0,6|0,6|0,6|0,6|0|0|0|0|0|0|0|0|0|1|1|1|1|1|1|1|1,3|1|1|1|0,6|1|0,6|0,6|1|1|1|1|1|1|1|1|0,6|0,6|0,6|0,6|0|0|0|0|0|0|0|0|1|1|1|1|1|1|1|1,3|1|1|1|0,6|1|0,6|1|1|1|1|1|1|1|1|1|1|0,6|0,6|0,6|0|0|0|0|0|0|0|1|1|1|1|1|1|1|1|1,3|1|1|1|0|1|0,6|1|1|1|1|1|1|1|1|1|1|1|0,6|0,6|0|0|0|0|0|0|1|1|1|1|1|1|1|1|1|1,3|1|1|1|0|1|0,6|1|1|1|1|1|1|1|1|1|1|1|0,6|0,6|0,6|0|0|0|0|0|3|4,3|1,3|1,3|1,3|1,3|1,3|1,3|1,3|1,3|1|1|2|0|1|0,6|1|1|1|1|1|1|1|1|1|1|1|1|0,6|0,6|0,6|0|0|0|0|1|1|1|1|1|1|1|1|1|1|1|1|0|0|1|0,6|1|1|1|1|1|1|1|1|1|1|1|1|1|0,6|0,6|0|0|0|0|1|1|1|1|1|1|1|1|1|1|1|1|0|0|1|0,6|1|1|1|1|1|1|1|1|1|1|1|1|1|0,6|0,6|0,6|0|0|0|1|1|1|1|1|1|1|1|1|1|1|1|0,6|0|1|0,6|1|1|1|1|1|1|1|1|1|1|1|1|1|0,6|0,6|0,6|0|0|0|1|1|1|1|1|1|1|1|1|1|1|1|0,6|0|1|0,6|1|1|1|1|1|1|1|1|1|1|1|1|1|0,6|0,6|0,6|0|0|0|0|1|1|1|1|1|1|1|1|1|1|1|0,6|0|1|0,6|1|1|1|1|1|1|1|1|1|1|1|1|1|1|0,6|0|0|0|0|0|1|1|1|1|1|1|1|1|1|1|1|0,6|0|1|0,6|1|1|1|1|1|1|1|1|1|1|1|1|1|1|0,6|0|0|0|0|0|1|1|1|1|1|1|1|1|1|1|1|0|0|1|0,6|1|1|1|1|1|1|1|1|1|1|1|1|1|1|0,6|0|0|0|0|0|1|1|1|1|1|1|1|1|1|1|1|0|0|1|0,6|1|1|1|1|1|1|1|1|1|1|1|1|1|1|0|0|0|0|0|0|1|1|1|1|1|1|1|1|1|1|1|0|0|1|0,6|1|1|1|1|1|1|1|1|1|1|1|1|1|1|0|0|0|0|0|0|0|1|1|1|1|1|1|1|1|1|1|0|0|1|0,6|1|1|1|1|1|1|1|1|1|1|1|1|1|1|0|0|0|0|0|0|0|1|1|1|1|1|1|1|1|1|1|0|0|1|0,6|1|1|1|1|1|1|1|1|1|1|1|1|1|1|0|0|0|0|0|0|0|1|1|1|1|1|1|1|1|1|1|0|0|1|0,6|1|1|1|1|1|1|1|1|1|1|1|1|1|1|0,6|0,6|0|0|0|0|1|1|1|1|1|1|1|1|1|1|1|0|0|1|0,6|1|1|1|1|1|1|1|1|1|1|1|1|1|1|0,6|0,6|0|0|0|1|1|1|1|1|1|1|1|1|1|1|1|2|0|1|0,6|1|1|1|1|1|1|1|1|1|1|1|1|1|1|0,6|0,6|0|0|0|3|4,3|1,3|1,3|1,3|1,3|1,3|1,3|1,3|1,3|1|1|1|0|1|0,6|1|1|1|1|1|1|1|1|1|1|1|1|1|1|0,6|0,6|0|0|0|1|1|1|1|1|1|1|1|1|1,3|1|1|1|0|1|0,6|0,6|1|1|1|1|1|1|1|1|1|1|1|1|1|0,6|0,6|0|0|0|0|1|1|1|1|1|1|1|1|1,3|1|1|1|0|1|0,6|0,6|1|1|1|1|1|1|1|1|1|1|1|1|1|1|1|1|1|0|0|0|1|1|1|1|1|1|1|1,3|1|1|1|0|1|0,6|0,6|1|1|1|1|1|1|1|1|1|1|1|1|1|1|1|1|1|0|0|0|1|1|1|1|1|1|1|1,3|1|1|2|0|1|0,6|0,6|0,6|1|1|1|1|1|1|1|1|1|1|1|1|0,6|0,6|1|1|0|0|0|1|1|1|1|1|1|1|1,3|1|1|0|0|1|0,6|0,6|0,6|1|1|1|1|1|1|1|1|1|1|1|1|0,6|0,6|1|1|0|0|0|1|1|1|1|1|1|1|1,3|1|1|0|0|0,2,6|0,6|0,6|0,6|0,6|1|1|1|1|1|1|1|1|1|1|1|0,6|0,6|1|1|0|0|0|1|1|1|1|1|1|1|1,3|1|1|0,6|0|0,2,6|0,6|0,6|0,6|0,6|1|1|1|1|1|1|1|1|1|1|1|0,6|0,6|1|1|0|0|0|1|1|1|1|1|1|1|4,3,6|1|1|0,6|0|0,2,6|0,6|0,6|0,6|0,6|1|1|1|1|1|1|1|1|1|1|1|0,6|0,6|1|1|0|0|0|2|1|1|1|1|1|1|0,6|1|1|0,6|0|0,6|0,6|0,6|0,6|0,6|1|1|1|1|1|1|1|1|1|1|1|0,6|0,6|1|1|0|0|0|0|0|0|0|1|0|0|0,6|0,6|1|0,6|0|0,6|0,6|0,6|0,6|0,6|1|1|1|1|1|1|1|1|1|1|1|0,6|0,6|1|1|0|0|0|0|0|0|0|0|0|0|0,6|0,6|0,6|0|0|0,6|0,6|0,6|0,6|0,6|1|1|1|1|1|1|1|1|1|1|1|0,6|0,6|1|1|0|0|0|0|0|0|0|0,6|0|0|0|0|0,6|0|0|0,6|0,6|0,6|0,6|1|1|1|1|1|1|1|1|1|1|1|1|0,6|0,6|1|1|0|0|0|0|0|0|0|0,6|0,6|0,6|0|0,6|0,6|0|0|1|0,6|0,6|0,6|1|1|1|1|1|1|1|1|1|1|1|1|0,6|0,6|1|1|0|0|0|0|0|0|0|0|0,6|0,6|0,6|0,6|0,6|0|0|1|0,6|0,6|1|1|1|1|1|1|1|1|1|1|1|1|1|0,6|0,6|1|1|0|0|0|0|0|0|0|0|0|0|0|0|0,6|0|0|1|0,6|0,6|1|1|1|1|1|1|1|1|1|1|1|1|1|0,6|0,6|1|1|0|0|0|0|0|0|0|0|0|0|0|0|0,6|0|0|1|0,6|1|1|1|1|1|1|1|1|1|1|1|1|1|1|0,6|0,6|1|1|0|0|0|0|0|0|0|0|0|0|0|0|0,6|0|0|1|0,6|1|1|1|1|1|1|1|1|1|1|1|1|1|1|0,6|0,6|1|1|0|0|0|0|0|0|0|0|0|0|0|0|0|0|0|1|0,6|1|1|1|1|1|1|1|1|1|1|1|1|1|1|0,6|0,6|1|1|0|0|0|0|0|0|0|1|0|0|0|0|1|0|0|1|0,6|1|1|1|1|1|1|1|1|1|1|1|1|1|1|0,6|0,6|1|1|0|0|0|2|1|1|1|1|1|1|0|1|1|0|0,6|1|0,6|1|1|1|1|1|1|1|1|1|1|1|1|1|1|0,6|0,6|1|1|0|0|0|1|1|1|1|1|1|1|4,3|1|1|0|0,6|1|0,6|1|1|1|1|1|1|1|1|1|1|1|1|1|1|0,6|0,6|1|1|0|0|0|1|1|1|1|1|1|1|1,3|1|1|0|0,6|1|0,6|1|1|1|1|1|1|1|1|1|1|1|1|1|1|0,6|0,6|1|1|0|0|0|1|1|1|1|1|1|1|1,3|1|1|0,6|0,6|1|0,6|1|1|1|1|1|1|1|1|1|1|1|1|1|1|0,6|0,6|1|1|0|0|0|1|1|1|1|1|1|1|1,3|1|1|0,6|0,6|1|0,6|1|1|1|1|1|1|1|1|1|1|1|1|1|1|0,6|0,6|1|1|0|0|0|1|1|1|1|1|1|1|1,3|1|1|2,6|0,6|1|0,6|1|1|1|1|1|1|1|1|1|1|1|1|1|1|0,6|0,6|1|1|0|0|0|1|1|1|1|1|1|1|1,3|1|1|1|0,6|1|0,6|1|1|1|1|1|1|1|1|1|1|1|1|1|1|1|0,6|1|1|0|0|0|1|1|1|1|1|1|1|1,3|1|1|1|0,6|1|0,6|1|1|1|1|1|1|1|1|1|1|1|1|1|1|1|1|1|1|0,6|0,6|0,6|1|1|1|1|1|1|1|1,3|1|1|1|1|1|0,6|1|1|1|1|1|1|1|1|1|1|1|1|1|1|1|1|1|1|0,6|0,6|1|1|1|1|1|1|1|1|1,3|1|1|1|1|1|0,6|1|1|1|1|1|1|1|1|1|1|1|1|1|1|1|1|1|1|0,6|0,6|1|1|1|1|1|1|1|1|1,3|1|1|1|1|1|0,6|1|1|1|1|1|1|1|1|1|1|1|1|1|1|1|1|1|1|1|1|1|1|1|1|1|1|1|1|1,3|1|1|1|1|1|0,6|1|1|1|1|1|1|1|1|1|1|1|1|1|1|1|1|1|1|1|1|1|1|1|1|1|1|1|1|1,3|1|1|1|1|1|4,3,6|1|1|1|1|1|1|1|1|1|1|1|1|1|1|1|1|1|1|1|1|1|1|1|1|1|1|1|1|1,3|1|1|1|1|1|1,3|1|1|1|1|1|1|1|1|1|1|1|1|1|1|1|1|1|1|1|1|1|1|1|1|1|1|1|1|1,3|1|1|1|1|1|1,3|1|1|1|1|1|1|1|1|1|1|1|1|1|1|1|1|1|1|1|1|1|1|1|1|1|1|1|1|1,3|1|1|1|1|1|1,3|1|1|1|1|1|1|1|1|1|1|1|1|1|1|1|1|1|1|1|1|1|1|1|1|1|1|1|1|1,3|1|1|1|1|1|1,3|1|1|1|1|1|1|1|1|1|1|1|1|1|1|1|1|1|1|1|1|1|1|1|1|1|1|1|1|1,3|1|1|1|1|1|1,3|1|1|1|1|1|1|1|1|1|1|1|1|1|1|1|1|1|1|1|1|1|1|1|1|1|1|1|1|1,4,3|1|1|1|1|1|1,3|1|1|1|1|1|1|1|1|1|1|1|1|1|1|1|1|1|1|1|1|1|1|1|1|1|1|1|1|1|1|1|1|1|1|1,3|1|1|1|1|1|1|1|1|1|1|1|1|1|1|1|1|1|1|1|1|1|1|1|1|1|1|1|1|1|1|1|1|1|1|1,3|1|1|1|1|1|1|1|1|1|1|1|1|1|1|1|1|1|1|1|1|1|1|1|1|1|1|1|1|1|1|1|1|1|1|1,3|1|1|1|1|1|1|1|1|1|1|1|1|1|1|1|1|1|1|1|1|1|1|1|1|1|1|1|1|1|1|1|1|1|1|1,3|1|1|1|1|1|1|1|1|1|1|1|1|1|1|1|1|1|1|1|1|1|1|1|1|1|1|1|1|1|1|1|1|1|1|1,5,3|1|1|1|1|1|1|1|1|
