-["Sky Islands", color(255, 0, 255)]
[#nm:"Ornation A", #sz:point(6,16), #specs:[0,0,0,0,0,0, 0,0,0,0,0,0, 0,0,0,0,0,0, 0,0,0,0,0,0, 0,0,0,0,0,0, 0,0,0,0,0,0, 0,0,0,0,0,0, 0,0,0,0,0,0, 0,0,0,0,0,0, 0,0,0,0,0,0, 0,0,0,0,0,0, 0,0,0,0,0,0, 0,0,0,0,0,0, 0,0,0,0,0,0, 0,0,0,0,0,0, 0,0,0,0,0,0], #specs2:0, #tp:"voxelStruct", #repeatL:[6,1,3], #bfTiles:0, #rnd:1, #ptPos:0, #tags:[]]
[#nm:"Ornation B", #sz:point(4,7), #specs:[0,0,0,0, 0,0,0,0, 0,0,0,0, 0,0,0,0, 0,0,0,0, 0,0,0,0, 0,0,0,0], #specs2:0, #tp:"voxelStruct", #repeatL:[6,1,3], #bfTiles:0, #rnd:1, #ptPos:0, #tags:[]]
[#nm:"Ornation C1", #sz:point(2,5), #specs:[0,0,0,0,0, 0,0,0,0,0], #specs2:0, #tp:"voxelStruct", #repeatL:[6,1,3], #bfTiles:0, #rnd:1, #ptPos:0, #tags:[]]
[#nm:"Ornation C2", #sz:point(2,5), #specs:[0,0,0,0,0, 0,0,0,0,0], #specs2:0, #tp:"voxelStruct", #repeatL:[6,1,3], #bfTiles:0, #rnd:1, #ptPos:0, #tags:[]]
[#nm:"Ornation D1", #sz:point(4,4), #specs:[0,0,0,0, 0,0,0,0, 0,0,0,0, 0,0,0,0], #specs2:0, #tp:"voxelStruct", #repeatL:[6,1,3], #bfTiles:0, #rnd:1, #ptPos:0, #tags:[]]
[#nm:"Ornation D2", #sz:point(4,4), #specs:[0,0,0,0, 0,0,0,0, 0,0,0,0, 0,0,0,0], #specs2:0, #tp:"voxelStruct", #repeatL:[6,1,3], #bfTiles:0, #rnd:1, #ptPos:0, #tags:[]]
[#nm:"Ornation E1", #sz:point(6,1), #specs:[0,0,0,0,0,0], #specs2:0, #tp:"voxelStruct", #repeatL:[6,1,3], #bfTiles:0, #rnd:1, #ptPos:0, #tags:[]]
[#nm:"Ornation E2", #sz:point(6,1), #specs:[0,0,0,0,0,0], #specs2:0, #tp:"voxelStruct", #repeatL:[6,1,3], #bfTiles:0, #rnd:1, #ptPos:0, #tags:[]]
[#nm:"Sky Column Divider R", #sz:point(3,2), #specs:[1,1,1,1,1,1], #specs2:0, #tp:"voxelStruct", #repeatL:[1,1,1,1,1,1,4], #bfTiles:1, #rnd:1, #ptPos:0, #tags:[]]
[#nm:"Sky Column Divider L", #sz:point(3,2), #specs:[1,1,1,1,1,1], #specs2:0, #tp:"voxelStruct", #repeatL:[1,1,1,1,1,1,4], #bfTiles:1, #rnd:1, #ptPos:0, #tags:[]]
[#nm:"Sky Column NW", #sz:point(3,2), #specs:[1,1,1,1,1,1], #specs2:0, #tp:"voxelStruct", #repeatL:[1,1,1,1,1,1,4], #bfTiles:1, #rnd:1, #ptPos:0, #tags:[]]
[#nm:"Sky Column W", #sz:point(3,2), #specs:[1,1,1,1,1,1], #specs2:0, #tp:"voxelStruct", #repeatL:[1,1,1,1,1,1,4], #bfTiles:1, #rnd:1, #ptPos:0, #tags:[]]
[#nm:"Sky Column SW", #sz:point(3,2), #specs:[1,1,1,1,1,1], #specs2:0, #tp:"voxelStruct", #repeatL:[1,1,1,1,1,1,4], #bfTiles:1, #rnd:1, #ptPos:0, #tags:[]]
[#nm:"Sky Column NE", #sz:point(3,2), #specs:[1,1,1,1,1,1], #specs2:0, #tp:"voxelStruct", #repeatL:[1,1,1,1,1,1,4], #bfTiles:1, #rnd:1, #ptPos:0, #tags:[]]
[#nm:"Sky Column E", #sz:point(3,2), #specs:[1,1,1,1,1,1], #specs2:0, #tp:"voxelStruct", #repeatL:[1,1,1,1,1,1,4], #bfTiles:1, #rnd:1, #ptPos:0, #tags:[]]
[#nm:"Sky Column SE", #sz:point(3,2), #specs:[1,1,1,1,1,1], #specs2:0, #tp:"voxelStruct", #repeatL:[1,1,1,1,1,1,4], #bfTiles:1, #rnd:1, #ptPos:0, #tags:[]]
[#nm:"Disc Antenna", #sz:point(3,3), #specs:[-1,0,-1, 0,0,1, -1,0,-1], #specs2:0, #tp:"voxelStruct", #repeatL:[1,1,1,1,1,1,1,1,1,1], #bfTiles:1, #rnd:1, #ptPos:0, #tags:[]]
[#nm:"Small Disc Antenna", #sz:point(2,2), #specs:[0,0,0,0], #specs2:0, #tp:"voxelStruct", #repeatL:[6,1,1,1,1], #bfTiles:0, #rnd:1, #ptPos:0, #tags:[]]
[#nm:"Holes Antenna NW", #sz:point(2,1), #specs:[1,1], #specs2:0, #tp:"voxelStruct", #repeatL:[1,1,1,1,1,1,1,1,1,1], #bfTiles:0, #rnd:1, #ptPos:0, #tags:[]]
[#nm:"Holes Antenna W", #sz:point(2,1), #specs:[1,1], #specs2:0, #tp:"voxelStruct", #repeatL:[1,1,1,1,1,1,1,1,1,1], #bfTiles:0, #rnd:1, #ptPos:0, #tags:[]]
[#nm:"Holes Antenna Divider W", #sz:point(2,1), #specs:[1,1], #specs2:0, #tp:"voxelStruct", #repeatL:[1,1,1,1,1,1,1,1,1,1], #bfTiles:0, #rnd:1, #ptPos:0, #tags:[]]
[#nm:"Holes Antenna SW", #sz:point(2,1), #specs:[1,1], #specs2:0, #tp:"voxelStruct", #repeatL:[1,1,1,1,1,1,1,1,1,1], #bfTiles:0, #rnd:1, #ptPos:0, #tags:[]]
[#nm:"Holes Antenna NE", #sz:point(2,1), #specs:[1,1], #specs2:0, #tp:"voxelStruct", #repeatL:[1,1,1,1,1,1,1,1,1,1], #bfTiles:0, #rnd:1, #ptPos:0, #tags:[]]
[#nm:"Holes Antenna E", #sz:point(2,1), #specs:[1,1], #specs2:0, #tp:"voxelStruct", #repeatL:[1,1,1,1,1,1,1,1,1,1], #bfTiles:0, #rnd:1, #ptPos:0, #tags:[]]
[#nm:"Holes Antenna Divider E", #sz:point(2,1), #specs:[1,1], #specs2:0, #tp:"voxelStruct", #repeatL:[1,1,1,1,1,1,1,1,1,1], #bfTiles:0, #rnd:1, #ptPos:0, #tags:[]]
[#nm:"Holes Antenna SE", #sz:point(2,1), #specs:[1,1], #specs2:0, #tp:"voxelStruct", #repeatL:[1,1,1,1,1,1,1,1,1,1], #bfTiles:0, #rnd:1, #ptPos:0, #tags:[]]
[#nm:"Egg Socket A", #sz:point(2,2), #specs:[1,1,1,1], #specs2:0, #tp:"voxelStruct", #repeatL:[1,1,1,1,1,1,1,3], #bfTiles:0, #rnd:1, #ptPos:0, #tags:[]]
[#nm:"Egg Socket B", #sz:point(2,2), #specs:[1,1,1,1], #specs2:0, #tp:"voxelStruct", #repeatL:[1,1,1,1,1,1,1,3], #bfTiles:0, #rnd:1, #ptPos:0, #tags:[]]
[#nm:"Spire", #sz:point(34,38), #specs:[-1,-1,-1,-1,-1,-1,-1,-1,-1,-1,-1,-1,-1,-1,-1,-1,-1,-1,-1,-1,-1,-1,0,0,0,1,0,-1,-1,-1,-1,-1,-1,-1,-1,-1,-1,-1 ,-1,-1,-1,-1,-1,-1,-1,-1,-1,-1,-1,-1,-1,-1,-1,-1,-1,-1,-1,-1,-1,0,0,0,0,1,0,-1,-1,-1,-1,-1,-1,-1,-1,-1,-1,-1 ,-1,-1,-1,-1,-1,-1,-1,-1,-1,-1,-1,-1,-1,-1,-1,-1,-1,-1,-1,-1,0,0,0,0,0,1,5,-1,-1,-1,-1,-1,-1,-1,-1,-1,-1,-1 ,-1,-1,-1,-1,-1,-1,-1,-1,-1,-1,-1,-1,-1,-1,-1,-1,-1,-1,-1,0,0,0,0,0,0,1,1,0,-1,-1,-1,-1,-1,-1,-1,-1,-1,-1 ,-1,-1,-1,-1,-1,-1,-1,-1,-1,-1,-1,-1,-1,-1,-1,-1,-1,0,0,0,0,0,0,0,0,2,1,0,-1,-1,-1,-1,-1,-1,-1,-1,-1,-1 ,-1,-1,-1,-1,-1,-1,-1,-1,-1,-1,-1,-1,-1,-1,-1,-1,-1,0,0,0,0,0,0,0,0,0,1,0,-1,-1,-1,-1,-1,-1,-1,-1,-1,-1 ,-1,-1,-1,-1,-1,-1,-1,-1,-1,-1,-1,-1,-1,-1,-1,-1,0,0,0,0,0,0,0,0,0,0,1,0,-1,-1,-1,-1,-1,-1,-1,-1,-1,-1 ,-1,-1,-1,-1,-1,-1,-1,0,0,0,-1,-1,-1,-1,-1,0,0,0,0,0,0,0,0,0,0,0,1,0,-1,-1,-1,-1,-1,-1,-1,-1,-1,-1 ,-1,-1,-1,-1,-1,-1,0,0,0,0,0,0,-1,-1,0,0,0,0,0,0,0,0,0,0,0,0,1,0,-1,-1,-1,-1,-1,-1,-1,-1,-1,-1 ,-1,-1,0,0,-1,-1,0,0,0,0,0,0,0,0,0,0,0,0,0,0,0,0,0,0,0,0,1,0,-1,-1,-1,-1,-1,-1,-1,-1,-1,-1 ,-1,-1,-1,0,0,-1,0,0,0,0,0,0,0,0,0,0,0,0,0,0,0,0,0,0,0,0,1,0,-1,-1,-1,-1,-1,-1,-1,-1,-1,-1 ,-1,-1,-1,-1,0,0,0,0,0,0,0,0,0,0,0,0,0,0,0,0,0,0,0,0,0,0,1,0,-1,-1,-1,-1,-1,-1,-1,-1,-1,-1 ,-1,-1,-1,-1,-1,0,0,0,0,0,0,0,0,0,0,0,0,0,0,0,0,0,0,0,0,0,1,0,-1,-1,-1,-1,-1,-1,-1,-1,-1,-1 ,-1,-1,-1,-1,-1,0,0,0,0,0,0,0,0,0,0,0,0,0,0,0,0,0,0,0,0,0,1,0,-1,-1,-1,-1,-1,-1,-1,-1,-1,-1 ,-1,-1,-1,-1,-1,0,0,0,0,0,0,0,0,0,0,0,0,0,0,0,0,0,0,0,0,0,1,-1,-1,-1,-1,-1,-1,-1,-1,-1,-1,-1 ,-1,-1,-1,-1,-1,-1,0,0,0,0,0,0,0,0,0,0,0,0,0,0,0,0,0,0,0,3,1,-1,-1,-1,-1,-1,-1,-1,-1,-1,-1,-1 ,-1,-1,-1,-1,-1,-1,0,0,0,0,0,0,0,0,0,0,0,0,0,0,0,0,0,0,0,1,1,0,0,-1,-1,-1,-1,-1,-1,-1,-1,-1 ,-1,-1,-1,-1,-1,-1,0,0,0,0,0,0,0,0,0,0,0,0,0,0,0,0,0,0,3,1,4,0,0,-1,-1,-1,-1,-1,-1,-1,-1,-1 ,-1,-1,-1,-1,-1,-1,0,0,0,0,0,0,0,0,0,0,0,0,0,0,0,0,0,0,1,1,0,0,0,0,0,0,0,-1,-1,-1,-1,-1 ,-1,-1,-1,-1,-1,0,0,0,0,0,0,0,0,0,0,0,0,0,0,0,0,0,0,3,1,4,0,0,0,0,0,0,0,-1,-1,-1,-1,-1 ,-1,-1,-1,-1,0,0,0,0,0,0,0,0,0,0,0,0,0,0,0,0,0,0,0,1,1,0,0,0,0,0,0,0,0,-1,-1,-1,-1,-1 ,-1,-1,-1,-1,0,0,0,0,0,0,0,0,0,0,0,0,0,0,0,0,0,0,3,1,4,0,0,0,0,0,0,0,0,-1,-1,-1,-1,-1 ,-1,-1,-1,0,0,0,0,0,0,0,0,0,0,0,0,0,0,0,0,0,0,3,1,1,0,0,0,0,0,0,0,0,0,-1,-1,-1,-1,-1 ,-1,-1,0,0,0,0,0,0,0,0,0,0,0,0,0,0,0,0,0,0,3,1,1,4,0,0,0,0,0,0,0,0,0,-1,-1,-1,-1,-1 ,-1,-1,0,0,0,0,0,0,0,0,0,0,0,0,0,0,0,0,0,3,1,1,4,0,0,0,0,0,0,0,0,0,0,-1,-1,-1,-1,-1 ,-1,0,0,0,0,0,0,0,0,0,0,0,0,0,0,0,0,0,3,1,1,4,0,0,0,0,0,0,0,0,0,0,0,-1,-1,-1,-1,-1 ,-1,0,0,0,0,0,0,0,0,0,0,0,0,0,0,0,0,3,1,1,4,0,0,0,0,0,0,0,0,0,0,0,0,-1,-1,-1,-1,-1 ,0,0,0,0,0,0,0,0,0,0,0,0,0,0,0,0,3,1,1,4,0,0,0,0,0,0,0,0,0,0,0,0,0,-1,-1,-1,-1,-1 ,0,0,0,0,0,0,0,0,0,0,0,0,0,0,0,3,1,1,4,0,0,0,0,0,0,0,0,0,0,0,0,0,0,-1,-1,-1,-1,-1 ,0,0,0,0,0,0,0,0,0,0,0,0,0,3,1,1,1,4,-1,-1,0,0,0,0,0,0,0,0,0,0,0,0,0,-1,-1,-1,-1,-1 ,0,0,0,0,0,0,0,0,0,0,3,1,1,1,1,4,0,-1,-1,-1,-1,-1,0,0,0,0,0,0,0,0,0,0,0,-1,-1,-1,-1,-1 ,0,0,0,0,0,0,0,3,1,1,1,1,4,0,0,-1,-1,-1,-1,-1,-1,-1,-1,0,0,0,0,0,0,0,0,0,-1,-1,-1,-1,-1,-1 ,1,1,1,1,1,1,1,1,1,4,0,-1,-1,-1,-1,-1,-1,-1,-1,-1,-1,-1,-1,-1,-1,-1,0,0,0,0,0,-1,-1,-1,-1,-1,-1,-1 ,-1,-1,-1,-1,-1,-1,-1,-1,-1,-1,-1,-1,-1,-1,-1,-1,-1,-1,-1,-1,-1,-1,-1,-1,-1,-1,-1,-1,0,0,0,-1,-1,-1,-1,-1,-1,-1], #specs2:0, #tp:"voxelStruct", #repeatL:[4,2,2,5], #bfTiles:0, #rnd:1, #ptPos:0, #tags:["notTrashProp"]]
[#nm:"Spire Dish Only", #sz:point(34,38), #specs:[-1,-1,-1,-1,-1,-1,-1,-1,-1,-1,-1,-1,-1,-1,-1,-1,-1,-1,-1,-1,-1,-1,0,0,0,1,-1,-1,-1,-1,-1,-1,-1,-1,-1,-1,-1,-1 ,-1,-1,-1,-1,-1,-1,-1,-1,-1,-1,-1,-1,-1,-1,-1,-1,-1,-1,-1,-1,-1,0,0,0,0,1,-1,-1,-1,-1,-1,-1,-1,-1,-1,-1,-1,-1 ,-1,-1,-1,-1,-1,-1,-1,-1,-1,-1,-1,-1,-1,-1,-1,-1,-1,-1,-1,-1,0,0,0,0,0,1,5,-1,-1,-1,-1,-1,-1,-1,-1,-1,-1,-1 ,-1,-1,-1,-1,-1,-1,-1,-1,-1,-1,-1,-1,-1,-1,-1,-1,-1,-1,-1,0,0,0,0,0,0,1,1,-1,-1,-1,-1,-1,-1,-1,-1,-1,-1,-1 ,-1,-1,-1,-1,-1,-1,-1,-1,-1,-1,-1,-1,-1,-1,-1,-1,-1,0,0,0,0,0,0,0,0,2,1,-1,-1,-1,-1,-1,-1,-1,-1,-1,-1,-1 ,-1,-1,-1,-1,-1,-1,-1,-1,-1,-1,-1,-1,-1,-1,-1,-1,-1,0,0,0,0,0,0,0,0,0,1,-1,-1,-1,-1,-1,-1,-1,-1,-1,-1,-1 ,-1,-1,-1,-1,-1,-1,-1,-1,-1,-1,-1,-1,-1,-1,-1,-1,0,0,0,0,0,0,0,0,0,0,1,-1,-1,-1,-1,-1,-1,-1,-1,-1,-1,-1 ,-1,-1,-1,-1,-1,-1,-1,0,0,0,-1,-1,-1,-1,-1,0,0,0,0,0,0,0,0,0,0,0,1,-1,-1,-1,-1,-1,-1,-1,-1,-1,-1,-1 ,-1,-1,-1,-1,-1,-1,0,0,0,0,0,0,-1,-1,0,0,0,0,0,0,0,0,0,0,0,0,1,-1,-1,-1,-1,-1,-1,-1,-1,-1,-1,-1 ,-1,-1,0,0,-1,-1,0,0,0,0,0,0,0,0,0,0,0,0,0,0,0,0,0,0,0,0,1,-1,-1,-1,-1,-1,-1,-1,-1,-1,-1,-1 ,-1,-1,-1,0,0,-1,0,0,0,0,0,0,0,0,0,0,0,0,0,0,0,0,0,0,0,0,1,-1,-1,-1,-1,-1,-1,-1,-1,-1,-1,-1 ,-1,-1,-1,-1,0,0,0,0,0,0,0,0,0,0,0,0,0,0,0,0,0,0,0,0,0,0,1,-1,-1,-1,-1,-1,-1,-1,-1,-1,-1,-1 ,-1,-1,-1,-1,-1,0,0,0,0,0,0,0,0,0,0,0,0,0,0,0,0,0,0,0,0,0,1,-1,-1,-1,-1,-1,-1,-1,-1,-1,-1,-1 ,-1,-1,-1,-1,-1,0,0,0,0,0,0,0,0,0,0,0,0,0,0,0,0,0,0,0,0,0,1,-1,-1,-1,-1,-1,-1,-1,-1,-1,-1,-1 ,-1,-1,-1,-1,-1,0,0,0,0,0,0,0,0,0,0,0,0,0,0,0,0,0,0,0,0,0,1,-1,-1,-1,-1,-1,-1,-1,-1,-1,-1,-1 ,-1,-1,-1,-1,-1,-1,0,0,0,0,0,0,0,0,0,0,0,0,0,0,0,0,0,0,0,3,1,-1,-1,-1,-1,-1,-1,-1,-1,-1,-1,-1 ,-1,-1,-1,-1,-1,-1,0,0,0,0,0,0,0,0,0,0,0,0,0,0,0,0,0,0,0,1,1,-1,-1,-1,-1,-1,-1,-1,-1,-1,-1,-1 ,-1,-1,-1,-1,-1,-1,0,0,0,0,0,0,0,0,0,0,0,0,0,0,0,0,0,0,3,1,4,-1,-1,-1,-1,-1,-1,-1,-1,-1,-1,-1 ,-1,-1,-1,-1,-1,-1,0,0,0,0,0,0,0,0,0,0,0,0,0,0,0,0,0,0,1,1,-1,-1,-1,-1,-1,-1,-1,-1,-1,-1,-1,-1 ,-1,-1,-1,-1,-1,0,0,0,0,0,0,0,0,0,0,0,0,0,0,0,0,0,0,3,1,4,-1,-1,-1,-1,-1,-1,-1,-1,-1,-1,-1,-1 ,-1,-1,-1,-1,0,0,0,0,0,0,0,0,0,0,0,0,0,0,0,0,0,0,0,1,1,-1,-1,-1,-1,-1,-1,-1,-1,-1,-1,-1,-1,-1 ,-1,-1,-1,-1,0,0,0,0,0,0,0,0,0,0,0,0,0,0,0,0,0,0,3,1,4,-1,-1,-1,-1,-1,-1,-1,-1,-1,-1,-1,-1,-1 ,-1,-1,-1,0,0,0,0,0,0,0,0,0,0,0,0,0,0,0,0,0,0,3,1,1,-1,-1,-1,-1,-1,-1,-1,-1,-1,-1,-1,-1,-1,-1 ,-1,-1,0,0,0,0,0,0,0,0,0,0,0,0,0,0,0,0,0,0,3,1,1,4,-1,-1,-1,-1,-1,-1,-1,-1,-1,-1,-1,-1,-1,-1 ,-1,-1,0,0,0,0,0,0,0,0,0,0,0,0,0,0,0,0,0,3,1,1,4,-1,-1,-1,-1,-1,-1,-1,-1,-1,-1,-1,-1,-1,-1,-1 ,-1,0,0,0,0,0,0,0,0,0,0,0,0,0,0,0,0,0,3,1,1,4,-1,-1,-1,-1,-1,-1,-1,-1,-1,-1,-1,-1,-1,-1,-1,-1 ,-1,0,0,0,0,0,0,0,0,0,0,0,0,0,0,0,0,3,1,1,4,-1,-1,-1,-1,-1,-1,-1,-1,-1,-1,-1,-1,-1,-1,-1,-1,-1 ,0,0,0,0,0,0,0,0,0,0,0,0,0,0,0,0,3,1,1,4,-1,-1,-1,-1,-1,-1,-1,-1,-1,-1,-1,-1,-1,-1,-1,-1,-1,-1 ,0,0,0,0,0,0,0,0,0,0,0,0,0,0,0,3,1,1,4,-1,-1,-1,-1,-1,-1,-1,-1,-1,-1,-1,-1,-1,-1,-1,-1,-1,-1,-1 ,0,0,0,0,0,0,0,0,0,0,0,0,0,3,1,1,1,4,-1,-1,-1,-1,-1,-1,-1,-1,-1,-1,-1,-1,-1,-1,-1,-1,-1,-1,-1,-1 ,0,0,0,0,0,0,0,0,0,0,3,1,1,1,1,4,-1,-1,-1,-1,-1,-1,-1,-1,-1,-1,-1,-1,-1,-1,-1,-1,-1,-1,-1,-1,-1,-1 ,0,0,0,0,0,0,0,3,1,1,1,1,4,-1,-1,-1,-1,-1,-1,-1,-1,-1,-1,-1,-1,-1,-1,-1,-1,-1,-1,-1,-1,-1,-1,-1,-1,-1 ,1,1,1,1,1,1,1,1,1,4,-1,-1,-1,-1,-1,-1,-1,-1,-1,-1,-1,-1,-1,-1,-1,-1,-1,-1,-1,-1,-1,-1,-1,-1,-1,-1,-1,-1 ,-1,-1,-1,-1,-1,-1,-1,-1,-1,-1,-1,-1,-1,-1,-1,-1,-1,-1,-1,-1,-1,-1,-1,-1,-1,-1,-1,-1,-1,-1,-1,-1,-1,-1,-1,-1,-1,-1], #specs2:0, #tp:"voxelStruct", #repeatL:[4,2,2,5], #bfTiles:0, #rnd:1, #ptPos:0, #tags:["notTrashProp"]]
[#nm:"Holes Antenna Divider N", #sz:point(1,2), #specs:[1,1], #specs2:0, #tp:"voxelStruct", #repeatL:[1,1,1,1,1,1,1,1,1,1], #bfTiles:0, #rnd:1, #ptPos:0, #tags:[]]
[#nm:"Holes Antenna Divider S", #sz:point(1,2), #specs:[1,1], #specs2:0, #tp:"voxelStruct", #repeatL:[1,1,1,1,1,1,1,1,1,1], #bfTiles:0, #rnd:1, #ptPos:0, #tags:[]]
[#nm:"Small Pipes 1 Block", #sz:point(1,1), #specs:[1], #specs2:0, #tp:"voxelStruct", #repeatL:[2,2,1,1,1,2], #bfTiles:0, #rnd:1, #ptPos:0, #tags:[]]
[#nm:"Reduced Disc Antenna", #sz:point(3,3), #specs:[-1,0,-1, 0,0,1, -1,0,-1], #specs2:0, #tp:"voxelStruct", #repeatL:[1,1,1,1,1,1,1,1,1,1], #bfTiles:1, #rnd:1, #ptPos:0, #tags:[]]
[#nm:"Egg Socket Split", #sz:point(2,2), #specs:[1,1,1,1], #specs2:0, #tp:"voxelStruct", #repeatL:[1,1,1,1,1,1,1,3], #bfTiles:0, #rnd:1, #ptPos:0, #tags:[]]
[#nm:"PAntennaGrateL", #sz:point(1,1), #specs:[1], #specs2:0, #tp:"voxelStruct", #repeatL:[1,1,1,1,1,1,1,1,1,1], #bfTiles:1, #rnd:2, #ptPos:0, #tags:["nonSolid"]]
[#nm:"PAntennaGrateR", #sz:point(1,1), #specs:[1], #specs2:0, #tp:"voxelStruct", #repeatL:[1,1,1,1,1,1,1,1,1,1], #bfTiles:1, #rnd:2, #ptPos:0, #tags:["nonSolid"]]
[#nm:"PAntennaBigGrateL", #sz:point(2,2), #specs:[1,1, 1,1], #specs2:0, #tp:"voxelStruct", #repeatL:[1,1,1,1,1,1,1,1,1,1], #bfTiles:2, #rnd:2, #ptPos:0, #tags:["nonSolid"]]
[#nm:"PAntennaBigGrateR", #sz:point(2,2), #specs:[1,1, 1,1], #specs2:0, #tp:"voxelStruct", #repeatL:[1,1,1,1,1,1,1,1,1,1], #bfTiles:2, #rnd:2, #ptPos:0, #tags:["nonSolid"]]
[#nm:"Dish", #sz:point(11,11), #specs:[0,0,0,0,0,0,0,0,0,0,0, 0,0,0,0,0,0,0,0,0,0,0, 0,0,0,0,0,0,0,0,0,0,0, 0,0,0,0,0,0,0,0,0,0,0, 0,0,0,0,0,0,0,0,0,0,0, 0,0,0,0,0,0,0,0,0,0,0, 0,0,0,0,0,0,0,0,0,0,0, 0,0,0,0,0,0,0,0,0,0,0, 0,0,0,0,0,0,0,0,0,0,0, 0,0,0,0,0,0,0,0,0,0,0, 0,0,0,0,0,0,0,0,0,0,0], #specs2:0, #tp:"voxelStruct", #repeatL:[1,1,1,1,1,1,1,1,1,1], #bfTiles:1, #rnd:1, #ptPos:0, #tags:["nonSolid"]]
[#nm:"Dish R", #sz:point(11,11), #specs:[0,0,0,0,0,0,0,0,0,0,0, 0,0,0,0,0,0,0,0,0,0,0, 0,0,0,0,0,0,0,0,0,0,0, 0,0,0,0,0,0,0,0,0,0,0, 0,0,0,0,0,0,0,0,0,0,0, 0,0,0,0,0,0,0,0,0,0,0, 0,0,0,0,0,0,0,0,0,0,0, 0,0,0,0,0,0,0,0,0,0,0, 0,0,0,0,0,0,0,0,0,0,0, 0,0,0,0,0,0,0,0,0,0,0, 0,0,0,0,0,0,0,0,0,0,0], #specs2:0, #tp:"voxelStruct", #repeatL:[1,1,1,1,1,1,1,1,1,1], #bfTiles:1, #rnd:1, #ptPos:0, #tags:["nonSolid"]]
[#nm:"Holes Antenna N", #sz:point(1,2), #specs:[1,1], #specs2:0, #tp:"voxelStruct", #repeatL:[1,1,1,1,1,1,1,1,1,1], #bfTiles:0, #rnd:1, #ptPos:0, #tags:[]]
[#nm:"Holes Antenna S", #sz:point(1,2), #specs:[1,1], #specs2:0, #tp:"voxelStruct", #repeatL:[1,1,1,1,1,1,1,1,1,1], #bfTiles:0, #rnd:1, #ptPos:0, #tags:[]]