-["TM Custom Misc Props", color(0, 10, 255)]
[#nm:"Train Bed NW", #sz:point(6,6), #specs:[1,-1,-1,-1,-1,1 ,1,1,1,-1,1,1 ,2,1,1,1,1,1 ,-1,-1,-1,-1,-1,1 ,-1,-1,-1,-1,-1,1 ,-1,-1,-1,-1,-1,1], #specs2:0, #tp:"voxelStruct", #repeatL:[1,1,1,1,1,1,4], #bfTiles:1, #rnd:1, #ptPos:0, #tags:["drawLast"]]
[#nm:"Train Bed NE", #sz:point(6,6), #specs:[-1,-1,-1,-1,-1,1 ,-1,-1,-1,-1,-1,1 ,-1,-1,-1,-1,-1,1 ,3,1,1,1,1,1 ,1,1,1,-1,1,1 ,1,-1,-1,-1,-1,1], #specs2:0, #tp:"voxelStruct", #repeatL:[1,1,1,1,1,1,4], #bfTiles:1, #rnd:1, #ptPos:0, #tags:["drawLast"]]
[#nm:"Train Bed N", #sz:point(1,1), #specs:[1], #specs2:0, #tp:"voxelStruct", #repeatL:[1,9], #bfTiles:1, #rnd:1, #ptPos:0, #tags:["drawLast"]]
[#nm:"Train Bed Wheel", #sz:point(6, 2), #specs:[1,5 ,1,1 ,1,1 ,1,1 ,1,1 ,1,4], #specs2:0, #tp:"voxelStruct", #repeatL:[1,1,1,1,6], #bfTiles:1, #rnd:1, #ptPos:0, #tags:["drawLast"]]

[#nm:"Big Inside Pipe Grate L", #sz:point(1,5), #specs:[-1, 1, 1, 1, -1], #specs2:0, #tp:"voxelStruct", #repeatL:[1,1,1,1,1,1,1,1,1,1], #bfTiles:0, #rnd:1, #ptPos:0, #tags:[]]
[#nm:"Big Inside Pipe Grate LR", #sz:point(1,5), #specs:[-1, 1, 1, 1, -1], #specs2:0, #tp:"voxelStruct", #repeatL:[1,1,1,1,1,1,1,1,1,1], #bfTiles:0, #rnd:1, #ptPos:0, #tags:[]]
[#nm:"Big Inside Pipe Grate R", #sz:point(1,5), #specs:[-1, 1, 1, 1, -1], #specs2:0, #tp:"voxelStruct", #repeatL:[1,1,1,1,1,1,1,1,1,1], #bfTiles:0, #rnd:1, #ptPos:0, #tags:[]]
[#nm:"Big Inside Pipe Grate", #sz:point(1,5), #specs:[-1, 1, 1, 1, -1], #specs2:0, #tp:"voxelStruct", #repeatL:[1,1,1,1,1,1,1,1,1,1], #bfTiles:0, #rnd:1, #ptPos:0, #tags:[]]
[#nm:"Big Inside Pipe Grate triple", #sz:point(1,5), #specs:[-1, 1, 1, 1, -1], #specs2:0, #tp:"voxelStruct", #repeatL:[1,1,1,1,1,1,1,1,1,1], #bfTiles:0, #rnd:1, #ptPos:0, #tags:[]]

[#nm:"Crane Hook", #sz:point(3,7), #specs:[3, 1, 5, 0, 0, 0, 0,  1, 1, 1, 1, 0, 0, 0,  2, 1, 4, 0, 0, 0, 0], #specs2:0, #tp:"voxelStruct", #repeatL:[1, 1, 1, 1, 2, 2, 2, 1, 1], #bfTiles:0, #rnd:1, #ptPos:0, #tags:[]]
[#nm:"Crane Hook No Clipping", #sz:point(3,7), #specs:[3, 1, 5, 0, 0, 0, 0,  1, 1, 1, 1, 0, 0, 0,  2, 1, 4, 0, 0, 0, 0], #specs2:0, #tp:"voxelStruct", #repeatL:[1, 1, 1, 1, 2, 2, 2, 1, 1], #bfTiles:0, #rnd:1, #ptPos:0, #tags:[]]

[#nm:"Cross Support B foreground", #sz:point(5,4), #specs:[0,0,0,0,0,0,0,0,0,0,0,0,0,0,0,0,0,0,0,0], #specs2:0, #tp:"voxelStruct", #repeatL:[1, 1, 2, 1, 0], #bfTiles:1, #rnd:1, #ptPos:0, #tags:["nonSolid"]]

[#nm:"Massive Gear", #sz:point(19,19), #specs:[-1,-1,-1,-1,-1,-1,-1,-1,-1,-1,-1,-1,-1,-1,-1,-1,-1,-1,-1 ,-1,-1,-1,-1,-1,-1,-1,-1,-1,-1,-1,-1,-1,-1,-1,-1,-1,-1,-1 ,-1,-1,-1,-1,-1,-1,-1,-1,-1,-1,-1,-1,-1,-1,-1,-1,-1,-1,-1 ,-1,-1,-1,-1,-1,-1,-1,-1,-1,-1,-1,-1,-1,-1,-1,-1,-1,-1,-1 ,-1,-1,-1,-1,-1,-1,-1,-1,-1,-1,-1,-1,-1,-1,-1,-1,-1,-1,-1 ,-1,-1,-1,-1,-1,-1,-1,-1,-1,-1,-1,-1,-1,-1,-1,-1,-1,-1,-1 ,-1,-1,-1,-1,-1,-1,-1,-1,-1,-1,-1,-1,-1,-1,-1,-1,-1,-1,-1 ,-1,-1,-1,-1,-1,-1,-1,3,1,1,1,5,-1,-1,-1,-1,-1,-1,-1 ,-1,-1,-1,-1,-1,-1,-1,1,1,1,1,1,-1,-1,-1,-1,-1,-1,-1 ,-1,-1,-1,-1,-1,-1,-1,1,1,1,1,1,-1,-1,-1,-1,-1,-1,-1 ,-1,-1,-1,-1,-1,-1,-1,1,1,1,1,1,-1,-1,-1,-1,-1,-1,-1 ,-1,-1,-1,-1,-1,-1,-1,2,1,1,1,4,-1,-1,-1,-1,-1,-1,-1 ,-1,-1,-1,-1,-1,-1,-1,-1,-1,-1,-1,-1,-1,-1,-1,-1,-1,-1,-1 ,-1,-1,-1,-1,-1,-1,-1,-1,-1,-1,-1,-1,-1,-1,-1,-1,-1,-1,-1 ,-1,-1,-1,-1,-1,-1,-1,-1,-1,-1,-1,-1,-1,-1,-1,-1,-1,-1,-1 ,-1,-1,-1,-1,-1,-1,-1,-1,-1,-1,-1,-1,-1,-1,-1,-1,-1,-1,-1 ,-1,-1,-1,-1,-1,-1,-1,-1,-1,-1,-1,-1,-1,-1,-1,-1,-1,-1,-1 ,-1,-1,-1,-1,-1,-1,-1,-1,-1,-1,-1,-1,-1,-1,-1,-1,-1,-1,-1 ,-1,-1,-1,-1,-1,-1,-1,-1,-1,-1,-1,-1,-1,-1,-1,-1,-1,-1,-1], #specs2:0, #tp:"voxelStruct", #repeatL:[2,1,2,1,2,1], #bfTiles:0, #rnd:1, #ptPos:0, #tags:[]]

[#nm:"Very Large Beam B2", #sz:point(12,12), #specs:[1,1,1,-1,-1,-1,-1,-1,-1,1,1,1, 1,1,1,-1,-1,-1,-1,-1,-1,1,1,1,1,1,1,-1,-1,-1,-1,-1,-1,1,1,1,1,1,1,-1,-1,-1,-1,-1,-1,1,1,1,1,1,1,-1,-1,-1,-1,-1,-1,1,1,1, 1,1,1,1,1,1,1,1,1,1,1,1,1,1,1,1,1,1,1,1,1,1,1,1,1,1,1,1,1,1,1,1,1,1,1,1, 1,1,1,-1,-1,-1,-1,-1,-1,1,1,1,1,1,1,-1,-1,-1,-1,-1,-1,1,1,1,1,1,1,-1,-1,-1,-1,-1,-1,1,1,1,1,1,1,-1,-1,-1,-1,-1,-1,1,1,1], #specs2:[1,1,1,-1,-1,-1,-1,-1,-1,1,1,1, 1,1,1,-1,-1,-1,-1,-1,-1,1,1,1,1,1,1,-1,-1,-1,-1,-1,-1,1,1,1,1,1,1,-1,-1,-1,-1,-1,-1,1,1,1,1,1,1,-1,-1,-1,-1,-1,-1,1,1,1,1,1,1,-1,-1,0,-1,-1,-1,1,1,1,1,1,1,-1,-1,-1,-1,-1,-1,1,1,1,1,1,1,-1,-1,-1,-1,-1,-1,1,1,1,1,1,1,-1,-1,-1,-1,-1,-1,1,1,1,1,1,1,-1,-1,-1,-1,-1,-1,1,1,1,1,1,1,-1,-1,-1,-1,-1,-1,1,1,1,1,1,1,-1,-1,-1,-1,-1,-1,1,1,1], #tp:"voxelStruct", #repeatL:[1,1,1,1,1,1,6,8], #bfTiles:0, #rnd:1, #ptPos:0, #tags:[]]

[#nm:"SuperStructure Leg Left", #sz:point(18,29), #specs:[1,1,1,1,5,-1,-1,-1,-1,-1,-1,-1,-1,-1,-1,-1,-1,-1,-1,-1,-1,-1,-1,-1,3,1,1,1,1 ,1,1,1,1,1,1,1,1,1,1,1,1,1,1,1,1,1,1,1,1,1,1,1,1,1,1,1,1,1 ,1,1,1,1,1,1,1,1,1,1,1,1,1,1,1,1,1,1,1,1,1,1,1,1,1,1,1,1,1 ,1,1,1,1,1,1,1,1,1,1,1,1,1,1,1,1,1,1,1,1,1,1,1,1,1,1,1,1,1 ,1,1,1,1,1,1,1,1,1,1,1,1,1,1,1,1,1,1,1,1,1,1,1,1,1,1,1,1,1 ,1,1,1,1,1,1,1,1,1,1,1,1,1,1,1,1,1,1,1,1,1,1,1,1,1,1,1,1,1 ,1,1,1,1,1,1,1,1,1,1,1,1,1,1,1,1,1,1,1,1,1,1,1,1,1,1,1,1,1 ,1,1,1,1,1,1,1,1,1,1,1,1,1,1,1,1,1,1,1,1,1,1,1,1,1,1,1,1,1 ,1,1,1,1,1,1,1,1,1,1,1,-1,-1,-1,-1,-1,-1,-1,1,1,1,1,1,1,1,1,1,1,1 ,1,1,1,1,1,1,1,1,1,1,1,5,-1,-1,-1,-1,-1,3,1,1,1,1,1,1,1,1,1,1,1 ,-1,-1,-1,2,1,1,1,1,1,1,1,1,5,-1,-1,-1,3,1,1,1,1,1,1,1,1,4,-1,-1,-1 ,-1,-1,-1,-1,2,1,1,1,1,1,1,1,1,1,1,1,1,1,1,1,1,1,1,1,4,-1,-1,-1,-1 ,-1,-1,-1,-1,-1,2,1,1,1,1,1,1,1,1,1,1,1,1,1,1,1,1,1,4,-1,-1,-1,-1,-1 ,-1,-1,-1,-1,-1,-1,2,1,1,1,1,1,1,1,1,1,1,1,1,1,1,1,4,-1,-1,-1,-1,-1,-1 ,-1,-1,-1,-1,-1,-1,-1,1,1,1,1,1,1,1,1,1,1,1,1,1,1,1,-1,-1,-1,-1,-1,-1,-1 ,-1,-1,-1,-1,-1,-1,-1,1,1,1,1,1,1,1,1,1,1,1,1,1,1,1,-1,-1,-1,-1,-1,-1,-1 ,-1,-1,-1,-1,-1,-1,-1,1,1,1,1,1,1,1,1,1,1,1,1,1,1,1,-1,-1,-1,-1,-1,-1,-1 ,-1,-1,-1,-1,-1,-1,-1,1,1,1,1,1,1,1,1,1,1,1,1,1,1,1,-1,-1,-1,-1,-1,-1,-1], #specs2:0, #tp:"voxelStruct", #repeatL:[1,1,1,1,1,3,1,1], #bfTiles:1, #rnd:1, #ptPos:0, #tags:[]]
[#nm:"SuperStructure Leg Right", #sz:point(18,29), #specs:[-1,-1,-1,-1,-1,-1,-1,1,1,1,1,1,1,1,1,1,1,1,1,1,1,1,-1,-1,-1,-1,-1,-1,-1 ,-1,-1,-1,-1,-1,-1,-1,1,1,1,1,1,1,1,1,1,1,1,1,1,1,1,-1,-1,-1,-1,-1,-1,-1 ,-1,-1,-1,-1,-1,-1,-1,1,1,1,1,1,1,1,1,1,1,1,1,1,1,1,-1,-1,-1,-1,-1,-1,-1 ,-1,-1,-1,-1,-1,-1,-1,1,1,1,1,1,1,1,1,1,1,1,1,1,1,1,-1,-1,-1,-1,-1,-1,-1 ,-1,-1,-1,-1,-1,-1,3,1,1,1,1,1,1,1,1,1,1,1,1,1,1,1,5,-1,-1,-1,-1,-1,-1 ,-1,-1,-1,-1,-1,3,1,1,1,1,1,1,1,1,1,1,1,1,1,1,1,1,1,5,-1,-1,-1,-1,-1 ,-1,-1,-1,-1,3,1,1,1,1,1,1,1,1,1,1,1,1,1,1,1,1,1,1,1,5,-1,-1,-1,-1 ,-1,-1,-1,3,1,1,1,1,1,1,1,1,4,-1,-1,-1,2,1,1,1,1,1,1,1,1,5,-1,-1,-1 ,1,1,1,1,1,1,1,1,1,1,1,4,-1,-1,-1,-1,-1,2,1,1,1,1,1,1,1,1,1,1,1 ,1,1,1,1,1,1,1,1,1,1,1,-1,-1,-1,-1,-1,-1,-1,1,1,1,1,1,1,1,1,1,1,1 ,1,1,1,1,1,1,1,1,1,1,1,1,1,1,1,1,1,1,1,1,1,1,1,1,1,1,1,1,1 ,1,1,1,1,1,1,1,1,1,1,1,1,1,1,1,1,1,1,1,1,1,1,1,1,1,1,1,1,1 ,1,1,1,1,1,1,1,1,1,1,1,1,1,1,1,1,1,1,1,1,1,1,1,1,1,1,1,1,1 ,1,1,1,1,1,1,1,1,1,1,1,1,1,1,1,1,1,1,1,1,1,1,1,1,1,1,1,1,1 ,1,1,1,1,1,1,1,1,1,1,1,1,1,1,1,1,1,1,1,1,1,1,1,1,1,1,1,1,1 ,1,1,1,1,1,1,1,1,1,1,1,1,1,1,1,1,1,1,1,1,1,1,1,1,1,1,1,1,1 ,1,1,1,1,1,1,1,1,1,1,1,1,1,1,1,1,1,1,1,1,1,1,1,1,1,1,1,1,1 ,1,1,1,1,4,-1,-1,-1,-1,-1,-1,-1,-1,-1,-1,-1,-1,-1,-1,-1,-1,-1,-1,-1,2,1,1,1,1], #specs2:0, #tp:"voxelStruct", #repeatL:[1,1,1,1,1,3,1,1], #bfTiles:1, #rnd:1, #ptPos:0, #tags:[]]


[#nm:"Rail Left", #sz:point(1,3), #specs:[1,1,1], #specs2:0, #tp:"voxelStruct", #repeatL:[1,1,1,1,1,1,1,3], #bfTiles:1, #rnd:1, #ptPos:0, #tags:[]]
[#nm:"Rail Right", #sz:point(1,3), #specs:[1,1,1], #specs2:0, #tp:"voxelStruct", #repeatL:[1,1,1,1,1,1,1,3], #bfTiles:1, #rnd:1, #ptPos:0, #tags:[]]
[#nm:"Rail Support C", #sz:point(3,1), #specs:[1,1,1], #specs2:0, #tp:"voxelStruct", #repeatL:[2,1,3,3,1], #bfTiles:1, #rnd:1, #ptPos:0, #tags:[]]
[#nm:"Rail Support D", #sz:point(1,1), #specs:[1], #specs2:0, #tp:"voxelStruct", #repeatL:[2,1,3,3,1], #bfTiles:1, #rnd:1, #ptPos:0, #tags:[]]

[#nm:"Hose Relay C", #sz:point(3,2), #specs:[1,1,1, 1,1,1], #specs2:0, #tp:"voxelStruct", #repeatL:[1,1,1,1,1,1,1,1,2], #bfTiles:2, #rnd:1, #ptPos:0, #tags:[]]
[#nm:"Hose Relay D", #sz:point(5,2), #specs:[1,1,1,1,1, 1,1,1,1,1], #specs2:0, #tp:"voxelStruct", #repeatL:[1,1,1,1,1,1,1,1,1,1], #bfTiles:2, #rnd:1, #ptPos:0, #tags:[]]

[#nm:"Grates L9", #sz:point(1,1), #specs:[0], #specs2:0, #tp:"voxelStruct", #repeatL:[7,2,0], #bfTiles:0, #rnd:1, #ptPos:0, #tags:["nonSolid"]]

[#nm:"level editor", #sz:point(4,4), #specs:[0,0,0,0,0,0,0,0,0,0,0,0,0,0,0,0], #specs2:0, #tp:"voxelStruct", #repeatL:[1,1], #bfTiles:1, #rnd:1, #ptPos:0, #tags:["nonSolid"]]

[#nm:"crane leg", #sz:point(13,12), #specs:[1,1,1,1,1,1,1,1,1,1,1,1,1 ,1,1,1,1,1,1,1,1,1,1,1,1,1 ,1,1,1,1,1,1,1,1,1,1,1,1,1 ,1,1,1,1,1,1,1,1,1,1,1,1,1 ,1,1,1,1,1,1,1,1,1,1,1,1,1 ,1,1,1,1,1,1,1,1,1,1,1,1,1 ,1,1,1,1,1,1,1,1,1,1,1,1,1 ,1,1,1,1,1,1,1,1,1,1,1,1,1 ,1,1,1,1,1,1,1,1,1,1,1,1,1 ,1,1,1,1,1,1,1,1,1,1,1,1,1 ,1,1,1,1,1,1,1,1,1,1,1,1,1 ,1,1,1,1,1,1,1,1,1,1,1,1,1], #specs2:0, #tp:"voxelStruct", #repeatL:[3,7], #bfTiles:1, #rnd:1, #ptPos:0, #tags:[]]
