-["Canopy Tiles", color (50, 20, 100)]
[#nm:"Mega Supports", #sz:point(18,15), #specs:[1,1,1,1,1,1,1,1,1,1,1,1,1,1,1, 1,0,0,0,0,0,0,0,0,0,0,0,0,0,0, 1,0,0,0,0,0,0,0,0,0,0,0,0,0,0, 1,0,0,0,0,0,0,0,0,0,0,0,0,0,0, 1,0,0,0,0,0,0,0,0,0,0,0,0,0,0, 1,0,0,0,0,0,0,0,0,0,0,0,0,0,0, 1,0,0,0,0,0,0,0,0,0,0,0,0,0,0, 1,0,0,0,0,0,0,0,0,0,0,0,0,0,0, 1,0,0,0,0,0,0,0,0,0,0,0,0,0,0, 1,0,0,0,0,0,0,0,0,0,0,0,0,0,0, 1,0,0,0,0,0,0,0,0,0,0,0,0,0,0, 1,0,0,0,0,0,0,0,0,0,0,0,0,0,0, 1,0,0,0,0,0,0,0,0,0,0,0,0,0,0, 1,0,0,0,0,0,0,0,0,0,0,0,0,0,0, 1,0,0,0,0,0,0,0,0,0,0,0,0,0,0, 1,0,0,0,0,0,0,0,0,0,0,0,0,0,0, 1,0,0,0,0,0,0,0,0,0,0,0,0,0,0, 1,1,1,1,1,1,1,1,1,1,1,1,1,1,1], #specs2:[1,-1,-1,-1,-1,-1,-1,-1,-1,-1,-1,-1,-1,-1,-1, -1,-1,-1,-1,-1,-1,-1,-1,-1,-1,-1,-1,-1,-1,-1, -1,-1,-1,-1,-1,-1,-1,-1,-1,-1,-1,-1,-1,-1,-1, -1,-1,-1,-1,-1,-1,-1,-1,-1,-1,-1,-1,-1,-1,-1, -1,-1,-1,-1,-1,-1,-1,-1,-1,-1,-1,-1,-1,-1,-1, -1,-1,-1,-1,-1,-1,-1,-1,-1,-1,-1,-1,-1,-1,-1, -1,-1,-1,-1,-1,-1,-1,-1,-1,-1,-1,-1,-1,-1,-1, -1,-1,-1,-1,-1,-1,-1,-1,-1,-1,-1,-1,-1,-1,-1, -1,-1,-1,-1,-1,-1,-1,-1,-1,-1,-1,-1,-1,-1,-1, -1,-1,-1,-1,-1,-1,-1,-1,-1,-1,-1,-1,-1,-1,-1, -1,-1,-1,-1,-1,-1,-1,-1,-1,-1,-1,-1,-1,-1,-1, -1,-1,-1,-1,-1,-1,-1,-1,-1,-1,-1,-1,-1,-1,-1, -1,-1,-1,-1,-1,-1,-1,-1,-1,-1,-1,-1,-1,-1,-1, -1,-1,-1,-1,-1,-1,-1,-1,-1,-1,-1,-1,-1,-1,-1, -1,-1,-1,-1,-1,-1,-1,-1,-1,-1,-1,-1,-1,-1,-1, -1,-1,-1,-1,-1,-1,-1,-1,-1,-1,-1,-1,-1,-1,-1, -1,-1,-1,-1,-1,-1,-1,-1,-1,-1,-1,-1,-1,-1,-1, 1,-1,-1,-1,-1,-1,-1,-1,-1,-1,-1,-1,-1,-1,-1], #tp:"voxelStruct", #repeatL:[1,1,1,1,1,2,1,1,9,2], #bfTiles:1, #rnd:1, #ptPos:0, #tags:["nonSolid"]]
[#nm:"Mega Supports One Layer", #sz:point(18,15), #specs:[1,1,1,1,1,1,1,1,1,1,1,1,1,1,1, 1,0,0,0,0,0,0,0,0,0,0,0,0,0,0, 1,0,0,0,0,0,0,0,0,0,0,0,0,0,0, 1,0,0,0,0,0,0,0,0,0,0,0,0,0,0, 1,0,0,0,0,0,0,0,0,0,0,0,0,0,0, 1,0,0,0,0,0,0,0,0,0,0,0,0,0,0, 1,0,0,0,0,0,0,0,0,0,0,0,0,0,0, 1,0,0,0,0,0,0,0,0,0,0,0,0,0,0, 1,0,0,0,0,0,0,0,0,0,0,0,0,0,0, 1,0,0,0,0,0,0,0,0,0,0,0,0,0,0, 1,0,0,0,0,0,0,0,0,0,0,0,0,0,0, 1,0,0,0,0,0,0,0,0,0,0,0,0,0,0, 1,0,0,0,0,0,0,0,0,0,0,0,0,0,0, 1,0,0,0,0,0,0,0,0,0,0,0,0,0,0, 1,0,0,0,0,0,0,0,0,0,0,0,0,0,0, 1,0,0,0,0,0,0,0,0,0,0,0,0,0,0, 1,0,0,0,0,0,0,0,0,0,0,0,0,0,0, 1,1,1,1,1,1,1,1,1,1,1,1,1,1,1], #specs2:0, #tp:"voxelStruct", #repeatL:[1,1,1,1,1,3,1,1], #bfTiles:1, #rnd:1, #ptPos:0, #tags:["nonSolid"]]
[#nm:"Mega Supports Railing", #sz:point(18,1), #specs:[0,0,0,0,0,0,0,0,0,0,0,0,0,0,0,0,0,0], #specs2:[-1,-1,-1,-1,-1,-1,-1,-1,-1,-1,-1,-1,-1,-1,-1,-1,-1,-1], #tp:"voxelStruct", #repeatL:[1,3,3,1,4,1,3,3,1], #bfTiles:0, #rnd:1, #ptPos:0, #tags:["nonSolid"]]
[#nm:"Med Supports", #sz:point(10,12), #specs:[1,1,1,1,1,1,1,1,1,1,1,1, 0,0,0,0,0,0,0,0,0,0,0,0, 0,0,0,0,0,0,0,0,0,0,0,0, 0,0,0,0,0,0,0,0,0,0,0,0, 0,0,0,0,0,0,0,0,0,0,0,0, 0,0,0,0,0,0,0,0,0,0,0,0, 0,0,0,0,0,0,0,0,0,0,0,0, 0,0,0,0,0,0,0,0,0,0,0,0, 0,0,0,0,0,0,0,0,0,0,0,0, 1,1,1,1,1,1,1,1,1,1,1,1], #specs2:[-1,-1,-1,-1,-1,-1,-1,-1,-1,-1,-1,-1, -1,-1,-1,-1,-1,-1,-1,-1,-1,-1,-1,-1, -1,-1,-1,-1,-1,-1,-1,-1,-1,-1,-1,-1, -1,-1,-1,-1,-1,-1,-1,-1,-1,-1,-1,-1, -1,-1,-1,-1,-1,-1,-1,-1,-1,-1,-1,-1, -1,-1,-1,-1,-1,-1,-1,-1,-1,-1,-1,-1, -1,-1,-1,-1,-1,-1,-1,-1,-1,-1,-1,-1, -1,-1,-1,-1,-1,-1,-1,-1,-1,-1,-1,-1, -1,-1,-1,-1,-1,-1,-1,-1,-1,-1,-1,-1, -1,-1,-1,-1,-1,-1,-1,-1,-1,-1,-1,-1], #tp:"voxelStruct", #repeatL:[1,1,1,6,2,6,1,1,1], #bfTiles:0, #rnd:1, #ptPos:0, #tags:["nonSolid"]]
[#nm:"Med Supports Top", #sz:point(10,1), #specs:[1,1,1,1,1,1,1,1,1,1], #specs2:[1,-1,-1,-1,-1,-1,-1,-1,-1,1], #tp:"voxelStruct", #repeatL:[1,2,14,3], #bfTiles:0, #rnd:1, #ptPos:0, #tags:["nonSolid"]]
[#nm:"Med Supports Railing", #sz:point(10,1), #specs:[0,0,0,0,0,0,0,0,0,0], #specs2:[-1,-1,-1,-1,-1,-1,-1,-1,-1,-1], #tp:"voxelStruct", #repeatL:[1,3,5,2,5,3,1], #bfTiles:0, #rnd:1, #ptPos:0, #tags:["nonSolid"]]
[#nm:"Med Metal Chimney", #sz:point(8,4), #specs:[-1,-1,-1,-1, -1,-1,-1,-1, 1,1,1,1, 1,1,1,1, 1,1,1,1, 1,1,1,1, -1,-1,-1,-1, -1,-1,-1,-1], #specs2:[1, 1, 1, 1,  1, 1, 1, 1, 1, 1, 1, 1, 1, 1, 1, 1, 1, 1, 1, 1, 1, 1, 1, 1, 1, 1, 1, 1, 1, 1, 1, 1], #tp:"voxelStruct", #repeatL:[1,1,1,1,1,1,1,1,1,1,   1,1,1,1,1,1,1,1,1,1], #bfTiles:0, #rnd:1, #ptPos:0, #tags:[]]
[#nm:"Metal Chimney Segment", #sz:point(16,5), #specs:[-1,-1,-1,-1,-1, -1,-1,-1,-1,-1, -1,-1,-1,-1,-1, 1,1,1,1,1, 1,1,1,1,1, 1,1,1,1,1, 1,1,1,1,1, 1,1,1,1,1, 1,1,1,1,1, 1,1,1,1,1, 1,1,1,1,1, 1,1,1,1,1, 1,1,1,1,1, -1,-1,-1,-1,-1, -1,-1,-1,-1,-1, -1,-1,-1,-1,-1], #specs2:[1,1,1,1,1, 1,1,1,1,1, 1,1,1,1,1, 1,1,1,1,1, 1,1,1,1,1, 1,1,1,1,1, 1,1,1,1,1, 1,1,1,1,1, 1,1,1,1,1, 1,1,1,1,1, 1,1,1,1,1, 1,1,1,1,1, 1,1,1,1,1, 1,1,1,1,1, 1,1,1,1,1, 1,1,1,1,1], #tp:"voxelStruct", #repeatL:[1,1,1,1,1,1,1,1,1,1,1,1,1,1,1,1,1,1,1,1], #bfTiles:0, #rnd:1, #ptPos:0, #tags:[]]
[#nm:"Metal Chimney Segment Cap", #sz:point(20,10), #specs:[0,0,0,0,0,0,0,0,0,0, 0,0,0,0,0,0,0,0,0,0, 0,0,0,0,0,0,0,0,0,0, 0,0,0,0,0,0,0,0,0,0, 0,3,1,1,1,5,0,0,0,0, 1,1,1,1,1,1,1,1,1,1, 1,1,1,1,1,1,1,1,1,1, 1,1,1,1,1,1,1,1,1,1, 1,1,1,1,1,1,1,1,1,1, 1,1,1,1,1,1,1,1,1,1, 1,1,1,1,1,1,1,1,1,1, 1,1,1,1,1,1,1,1,1,1, 1,1,1,1,1,1,1,1,1,1, 1,1,1,1,1,1,1,1,1,1, 1,1,1,1,1,1,1,1,1,1, 0,2,1,1,1,4,0,0,0,0, 0,0,0,0,0,0,0,0,0,0, 0,0,0,0,0,0,0,0,0,0, 0,0,0,0,0,0,0,0,0,0, 0,0,0,0,0,0,0,0,0,0], #specs2:[0,3,1,5,0,0,0,0,0,0, 3,1,1,1,1,1,1,5,0,0, 1,1,1,1,1,1,1,1,1,1, 1,1,1,1,1,1,1,1,1,1, 1,1,1,1,1,1,1,1,1,1, 1,1,1,1,1,1,1,1,1,1, 1,1,1,1,1,1,1,1,1,1, 1,1,1,1,1,1,1,1,1,1, 1,1,1,1,1,1,1,1,1,1, 1,1,1,1,1,1,1,1,1,1, 1,1,1,1,1,1,1,1,1,1, 1,1,1,1,1,1,1,1,1,1, 1,1,1,1,1,1,1,1,1,1, 1,1,1,1,1,1,1,1,1,1, 1,1,1,1,1,1,1,1,1,1, 1,1,1,1,1,1,1,1,1,1, 1,1,1,1,1,1,1,1,1,1, 1,1,1,1,1,1,1,1,1,1, 2,1,1,1,1,1,1,4,0,0, 0,2,1,4,0,0,0,0,0,0], #tp:"voxelStruct", #repeatL:[1,1,1,1,1,1,1,1,1,1,1,1,1,1,1,1,1,1,1,1], #bfTiles:0, #rnd:1, #ptPos:0, #tags:[]]
[#nm:"Big Wire Ball", #sz:point(3,3), #specs:[3,1,5,1,1,1,2,1,4], #specs2:0, #tp:"voxelStruct", #repeatL:[1, 1, 1, 1, 1, 1, 1, 1, 2], #bfTiles:1, #rnd:1, #ptPos:0, #tags:["nonSolid"]]