-["Metal 3", color(100, 185, 245)]
[#nm:"Metal Hub", #sz:point(10,10), #specs:[-1,-1,1,1,-1,-1,1,1,-1,-1, -1,-1,1,1,-1,-1,1,1,-1,-1, 1,1,1,1,1,1,1,1,1,1, 1,1,1,1,1,1,1,1,1,1, -1,-1,1,1,1,1,1,1,-1,-1, -1,-1,1,1,1,1,1,1,-1,-1, 1,1,1,1,1,1,1,1,1,1, 1,1,1,1,1,1,1,1,1,1, -1,-1,1,1,-1,-1,1,1,-1,-1, -1,-1,1,1,-1,-1,1,1,-1,-1], #specs2:0, #tp:"box", #bfTiles:0, #rnd:1, #ptPos:0, #tags:[]]
[#nm:"Metal Hub Marked", #sz:point(10,10), #specs:[-1,-1,1,1,-1,-1,1,1,-1,-1, -1,-1,1,1,-1,-1,1,1,-1,-1, 1,1,1,1,1,1,1,1,1,1, 1,1,1,1,1,1,1,1,1,1, -1,-1,1,1,1,1,1,1,-1,-1, -1,-1,1,1,1,1,1,1,-1,-1, 1,1,1,1,1,1,1,1,1,1, 1,1,1,1,1,1,1,1,1,1, -1,-1,1,1,-1,-1,1,1,-1,-1, -1,-1,1,1,-1,-1,1,1,-1,-1], #specs2:0, #tp:"box", #bfTiles:0, #rnd:1, #ptPos:0, #tags:[]]
[#nm:"Metal Hub X", #sz:point(10,10), #specs:[-1,-1,1,1,-1,-1,1,1,-1,-1, -1,-1,1,1,-1,-1,1,1,-1,-1, 1,1,1,1,1,1,1,1,1,1, 1,1,1,1,1,1,1,1,1,1, -1,-1,1,1,1,1,1,1,-1,-1, -1,-1,1,1,1,1,1,1,-1,-1, 1,1,1,1,1,1,1,1,1,1, 1,1,1,1,1,1,1,1,1,1, -1,-1,1,1,-1,-1,1,1,-1,-1, -1,-1,1,1,-1,-1,1,1,-1,-1], #specs2:0, #tp:"box", #bfTiles:0, #rnd:1, #ptPos:0, #tags:[]]

[#nm:"Metallic Surface", #sz:point(2,1), #specs:[6,6], #specs2:0, #tp:"box", #bfTiles:0, #rnd:1, #ptPos:0, #tags:[]]

[#nm:"Half Fat Beam", #sz:point(1,3), #specs:[1,0,1], #specs2:0, #tp:"voxelStruct", #repeatL:[2,1,4,1,2], #bfTiles:0, #rnd:1, #ptPos:0, #tags:[]]
[#nm:"Fat Beam Platform", #sz:point(1,1), #specs:[1], #specs2:0, #tp:"voxelStruct", #repeatL:[2,1,4,1,2], #bfTiles:0, #rnd:1, #ptPos:0, #tags:[]]
[#nm:"Half Skinny Beam", #sz:point(1,1), #specs:[1], #specs2:0, #tp:"voxelStruct", #repeatL:[3,4,3], #bfTiles:0, #rnd:1, #ptPos:0, #tags:[]]
[#nm:"Crane House Platform", #sz:point(6,4), #specs:[-1,1,1,-1, -1,1,1,-1, -1,1,1,-1, -1,1,1,-1, -1,1,1,-1, -1,1,1,-1], #specs2:void, #tp:"voxelStruct", #repeatL:[1,1,2,2,2,1,1], #bfTiles:0, #rnd:1, #ptPos:0, #tags:[]]
[#nm:"V
ery Large Beam Pillar", #sz:point(12,12), #specs:[-1,-1,-1,-1,-1,-1,-1,-1,-1,-1,-1,-1, -1,-1,-1,-1,-1,-1,-1,-1,-1,-1,-1,-1, -1,-1,-1,-1,-1,-1,-1,-1,-1,-1,-1,-1, -1,-1,-1,-1,-1,-1,-1,-1,-1,-1,-1,-1, -1,-1,-1,-1,-1,-1,-1,-1,-1,-1,-1,-1, -1,-1,-1,1,1,1,1,1,1,-1,-1,-1, -1,-1,-1,1,1,1,1,1,1,-1,-1,-1, -1,-1,-1,1,1,1,1,1,1,-1,-1,-1, -1,-1,-1,-1,-1,-1,-1,-1,-1,-1,-1,-1, -1,-1,-1,-1,-1,-1,-1,-1,-1,-1,-1,-1, -1,-1,-1,-1,-1,-1,-1,-1,-1,-1,-1,-1, -1,-1,-1,-1,-1,-1,-1,-1,-1,-1,-1,-1], #specs2:0, #tp:"voxelStruct", #repeatL:[1,1,1,1,1,1,4], #bfTiles:0, #rnd:1, #ptPos:0, #tags:["nonSolid"]]
[#nm:"I-Beam ALT", #sz:point(1,1), #specs:[1], #specs2:0, #tp:"voxelStruct", #repeatL:[3,4,3], #bfTiles:0, #rnd:1, #ptPos:0, #tags:["nonSolid"]]
[#nm:"RebarColumn", #sz:point(2,4), #specs:[1,1,1,1,1,1,1,1], #specs2:0, #tp:"voxelStruct", #repeatL:[2,6,2], #bfTiles:0, #rnd:1, #ptPos:0, #tags:[]]