-["Stoneheads", color(6, 89, 92)]
[#nm:"Big Head Cyclops", #sz:point(4,4), #specs:[1,1,1,1,1,1,1,1,1,1,1,1,1,1,1,1], #specs2:0, #tp:"voxelStruct", #repeatL:[1,1,1,1,6], #bfTiles:1, #rnd:1, #ptPos:0, #tags:["nonSolid"]]
[#nm:"Eyeless Big Head", #sz:point(4,4), #specs:[1,1,1,1,1,1,1,1,1,1,1,1,1,1,1,1], #specs2:0, #tp:"voxelStruct", #repeatL:[1,1,1,1,6], #bfTiles:1, #rnd:1, #ptPos:0, #tags:["nonSolid"]]
[#nm:"Big Head SM", #sz:point(4,4), #specs:[1,1,1,1,1,1,1,1,1,1,1,1,1,1,1,1], #specs2:0, #tp:"voxelStruct", #repeatL:[1,1,1,1,6], #bfTiles:1, #rnd:1, #ptPos:0, #tags:["nonSolid"]]
[#nm:"Big Head SM 2", #sz:point(4,4), #specs:[1,1,1,1,1,1,1,1,1,1,1,1,1,1,1,1], #specs2:0, #tp:"voxelStruct", #repeatL:[1,1,1,1,6], #bfTiles:1, #rnd:1, #ptPos:0, #tags:["nonSolid"]]
[#nm:"Blindfolded Big Head", #sz:point(4,4), #specs:[1,1,1,1,1,1,1,1,1,1,1,1,1,1,1,1], #specs2:0, #tp:"voxelStruct", #repeatL:[1,1,1,1,6], #bfTiles:1, #rnd:1, #ptPos:0, #tags:["nonSolid"]]
[#nm:"Medium Head", #sz:point(3,3), #specs:[1,1,1,1,1,1,1,1,1,1,1,1,1,1,1,1], #specs2:0, #tp:"voxelStruct", #repeatL:[1,1,1,1,6], #bfTiles:1, #rnd:1, #ptPos:0, #tags:["nonSolid"]]
[#nm:"Biggest Head", #sz:point(8,8), #specs:[1,1,1,1,1,1,1,1,1,1,1,1,1,1,1,1,1,1,1,1,1,1,1,1,1,1,1,1,1,1,1,1,1,1,1,1,1,1,1,1,1,1,1,1,1,1,1,1,1,1,1,1,1,1,1,1,1,1,1,1,1,1,1,1], #specs2:0, #tp:"voxelStruct", #repeatL:[1,1,1,1,6], #bfTiles:1, #rnd:1, #ptPos:0, #tags:["nonSolid"]]
[#nm:"Grand Head", #sz:point(8,8), #specs:[1,1,1,1,1,1,1,1,1,1,1,1,1,1,1,1,1,1,1,1,1,1,1,1,1,1,1,1,1,1,1,1,1,1,1,1,1,1,1,1,1,1,1,1,1,1,1,1,1,1,1,1,1,1,1,1,1,1,1,1,1,1,1,1], #specs2:0, #tp:"voxelStruct", #repeatL:[1,1,1,1,6], #bfTiles:1, #rnd:1, #ptPos:0, #tags:["nonSolid"]]
[#nm:"Fat 0 Head", #sz:point(16, 16), #specs:[1,1,1,1,1,1,1,1,1,1,1,1,1,1,1,1, 1,1,1,1,1,1,1,1,1,1,1,1,1,1,1,1, 1,1,1,1,1,1,1,1,1,1,1,1,1,1,1,1, 1,1,1,1,1,1,1,1,1,1,1,1,1,1,1,1, 1,1,1,1,1,1,1,1,1,1,1,1,1,1,1,1, 1,1,1,1,1,1,1,1,1,1,1,1,1,1,1,1, 1,1,1,1,1,1,1,1,1,1,1,1,1,1,1,1, 1,1,1,1,1,1,1,1,1,1,1,1,1,1,1,1, 1,1,1,1,1,1,1,1,1,1,1,1,1,1,1,1, 1,1,1,1,1,1,1,1,1,1,1,1,1,1,1,1, 1,1,1,1,1,1,1,1,1,1,1,1,1,1,1,1, 1,1,1,1,1,1,1,1,1,1,1,1,1,1,1,1, 1,1,1,1,1,1,1,1,1,1,1,1,1,1,1,1, 1,1,1,1,1,1,1,1,1,1,1,1,1,1,1,1, 1,1,1,1,1,1,1,1,1,1,1,1,1,1,1,1, 1,1,1,1,1,1,1,1,1,1,1,1,1,1,1,1], #specs2:[1,1,1,1,1,1,1,1,1,1,1,1,1,1,1,1, 1,1,1,1,1,1,1,1,1,1,1,1,1,1,1,1, 1,1,1,1,1,1,1,1,1,1,1,1,1,1,1,1, 1,1,1,1,1,1,1,1,1,1,1,1,1,1,1,1, 1,1,1,1,1,1,1,1,1,1,1,1,1,1,1,1, 1,1,1,1,1,1,1,1,1,1,1,1,1,1,1,1, 1,1,1,1,1,1,1,1,1,1,1,1,1,1,1,1, 1,1,1,1,1,1,1,1,1,1,1,1,1,1,1,1, 1,1,1,1,1,1,1,1,1,1,1,1,1,1,1,1, 1,1,1,1,1,1,1,1,1,1,1,1,1,1,1,1, 1,1,1,1,1,1,1,1,1,1,1,1,1,1,1,1, 1,1,1,1,1,1,1,1,1,1,1,1,1,1,1,1, 1,1,1,1,1,1,1,1,1,1,1,1,1,1,1,1, 1,1,1,1,1,1,1,1,1,1,1,1,1,1,1,1, 1,1,1,1,1,1,1,1,1,1,1,1,1,1,1,1, 1,1,1,1,1,1,1,1,1,1,1,1,1,1,1,1], #tp:"voxelStruct", #repeatL:[1,1,1,1,16], #bfTiles:1, #rnd:1, #ptPos:0, #tags:[]]
