-["DSMachines", color(255, 100, 100)]
[#nm:"DSCH N", #sz:point(10, 10), #specs:[-1,-1,-1,-1,-1,-1,-1,-1,-1,-1 ,5,-1,-1,-1,-1,-1,-1,-1,-1,-1 ,1,-1,-1,-1,-1,-1,-1,-1,1,-1 ,1,1,5,-1,-1,-1,-1,3,1,5 ,1,1,1,-1,-1,-1,1,1,1,1 ,1,1,1,-1,-1,-1,1,1,1,1 ,1,1,4,-1,-1,-1,-1,2,1,4 ,1,-1,-1,-1,-1,-1,-1,-1,1,-1 ,4,-1,-1,-1,-1,-1,-1,-1,-1,-1 ,-1,-1,-1,-1,-1,-1,-1,-1,-1,-1], #specs2:[5,-1,-1,-1,-1,-1,-1,3,1,5 ,1,5,-1,-1,-1,-1,-1,1,1,1 ,1,1,1,-1,-1,-1,-1,2,1,4 ,1,1,4,3,1,5,-1,3,1,-1 ,1,1,1,1,1,1,1,1,1,5 ,1,1,1,1,1,1,1,1,1,4 ,1,1,5,2,1,4,-1,2,1,-1 ,1,1,1,-1,-1,-1,-1,3,1,5 ,1,4,-1,-1,-1,-1,-1,1,1,1 ,4,-1,-1,-1,-1,-1,-1,2,1,4], #tp:"voxelStruct", #repeatL:[1,1,1,1,1,1,1,1,1,1,1,1,1,1,1,1,1,1,1,1], #bfTiles:0, #rnd:1, #ptPos:0, #tags:[]]
[#nm:"DSCH E", #sz:point(10, 10), #specs:[-1,-1,-1,3,1,1,5,-1,-1,-1 ,-1,-1,1,1,1,1,1,1,-1,-1 ,-1,-1,-1,2,1,1,4,-1,-1,-1 ,-1,-1,-1,-1,1,1,-1,-1,-1,-1 ,-1,-1,-1,-1,-1,-1,-1,-1,-1,-1 ,-1,-1,-1,-1,-1,-1,-1,-1,-1,-1 ,-1,-1,-1,-1,-1,-1,-1,-1,-1,-1 ,-1,-1,-1,3,1,1,5,-1,-1,-1 ,-1,-1,-1,1,1,1,1,-1,-1,-1 ,-1,3,1,1,1,1,1,1,5,-1], #specs2:[3,1,5,-1,3,5,-1,3,1,5 ,1,1,1,1,1,1,1,1,1,1 ,2,1,4,2,1,1,4,2,1,4 ,-1,-1,-1,-1,1,1,-1,-1,-1,-1 ,-1,-1,-1,3,1,1,5,-1,-1,-1 ,-1,-1,-1,1,1,1,1,-1,-1,-1 ,-1,-1,-1,2,1,1,4,-1,-1,-1 ,-1,-1,1,5,1,1,3,1,-1,-1 ,-1,3,1,1,1,1,1,1,5,-1 ,3,1,1,1,1,1,1,1,1,5], #tp:"voxelStruct", #repeatL:[1,1,1,1,1,1,1,1,1,1,1,1,1,1,1,1,1,1,1,1], #bfTiles:0, #rnd:1, #ptPos:0, #tags:[]]
[#nm:"DSCH S", #sz:point(10, 10), #specs:[-1,-1,-1,-1,-1,-1,-1,-1,-1,-1 ,-1,-1,-1,-1,-1,-1,-1,-1,-1,3 ,-1,1,-1,-1,-1,-1,-1,-1,-1,1 ,3,1,5,-1,-1,-1,-1,3,1,1 ,1,1,1,1,-1,-1,-1,1,1,1 ,1,1,1,1,-1,-1,-1,1,1,1 ,2,1,4,-1,-1,-1,-1,2,1,1 ,-1,1,-1,-1,-1,-1,-1,-1,-1,1 ,-1,-1,-1,-1,-1,-1,-1,-1,-1,2 ,-1,-1,-1,-1,-1,-1,-1,-1,-1,-1], #specs2:[3,1,5,-1,-1,-1,-1,-1,-1,3 ,1,1,1,-1,-1,-1,-1,-1,3,1 ,2,1,4,-1,-1,-1,-1,1,1,1 ,-1,1,5,-1,3,1,5,2,1,1 ,3,1,1,1,1,1,1,1,1,1 ,2,1,1,1,1,1,1,1,1,1 ,-1,1,4,-1,2,1,4,3,1,1 ,3,1,5,-1,-1,-1,-1,1,1,1 ,1,1,1,-1,-1,-1,-1,-1,2,1 ,2,1,4,-1,-1,-1,-1,-1,-1,2], #tp:"voxelStruct", #repeatL:[1,1,1,1,1,1,1,1,1,1,1,1,1,1,1,1,1,1,1,1], #bfTiles:0, #rnd:1, #ptPos:0, #tags:[]]
[#nm:"DSCH W", #sz:point(10, 10), #specs:[-1,2,1,1,1,1,1,1,4,-1 ,-1,-1,-1,1,1,1,1,-1,-1,-1 ,-1,-1,-1,2,1,1,4,-1,-1,-1 ,-1,-1,-1,-1,-1,-1,-1,-1,-1,-1 ,-1,-1,-1,-1,-1,-1,-1,-1,-1,-1 ,-1,-1,-1,-1,-1,-1,-1,-1,-1,-1 ,-1,-1,-1,-1,1,1,-1,-1,-1,-1 ,-1,-1,-1,3,1,1,5,-1,-1,-1 ,-1,-1,1,1,1,1,1,1,-1,-1 ,-1,-1,-1,2,1,1,4,-1,-1,-1], #specs2:[2,1,1,1,1,1,1,1,1,4 ,-1,2,1,1,1,1,1,1,4,-1 ,-1,-1,1,4,1,1,2,1,-1,-1 ,-1,-1,-1,3,1,1,5,-1,-1,-1 ,-1,-1,-1,1,1,1,1,-1,-1,-1 ,-1,-1,-1,2,1,1,4,-1,-1,-1 ,-1,-1,-1,-1,1,1,-1,-1,-1,-1 ,3,1,5,3,1,1,5,3,1,5 ,1,1,1,1,1,1,1,1,1,1 ,2,1,4,-1,2,4,-1,2,1,4], #tp:"voxelStruct", #repeatL:[1,1,1,1,1,1,1,1,1,1,1,1,1,1,1,1,1,1,1,1], #bfTiles:0, #rnd:1, #ptPos:0, #tags:[]]
[#nm:"DSMachine N",#sz:point(8, 10), #specs:[5,-1,-1,3,1,1,5,-1,-1,-1 ,1,5,-1,1,1,1,1,-1,-1,-1 ,1,1,1,1,1,1,-1,-1,1,5 ,1,1,1,1,1,1,1,1,1,1 ,1,1,1,1,1,1,1,1,1,1 ,1,1,1,1,1,1,-1,-1,1,4 ,1,4,-1,1,1,1,1,-1,-1,-1 ,4,-1,-1,2,1,1,4,-1,-1,-1], #specs2:0, #tp:"voxelStruct", #repeatL:[1,1,1,1,1,1,1,1,1,1], #bfTiles:0, #rnd:1, #ptPos:0, #tags:[]]
[#nm:"DSMachine E",#sz:point(10, 8), #specs:[-1,-1,3,1,1,5,-1,-1 ,-1,-1,1,1,1,1,-1,-1 ,-1,-1,-1,1,1,-1,-1,-1 ,3,1,-1,1,1,-1,1,5 ,1,1,1,1,1,1,1,1 ,1,1,1,1,1,1,1,1 ,2,1,1,1,1,1,1,4 ,-1,-1,1,1,1,1,-1,-1 ,-1,3,1,1,1,1,5,-1 ,3,1,1,1,1,1,1,5], #specs2:0, #tp:"voxelStruct", #repeatL:[1,1,1,1,1,1,1,1,1,1], #bfTiles:0, #rnd:1, #ptPos:0, #tags:[]]
[#nm:"DSMachine S",#sz:point(8, 10), #specs:[-1,-1,-1,3,1,1,5,-1,-1,3 ,-1,-1,-1,1,1,1,1,-1,3,1 ,3,1,-1,-1,1,1,1,1,1,1 ,1,1,1,1,1,1,1,1,1,1 ,1,1,1,1,1,1,1,1,1,1 ,2,1,-1,-1,1,1,1,1,1,1 ,-1,-1,-1,1,1,1,1,-1,2,1 ,-1,-1,-1,2,1,1,4,-1,-1,2],#specs2:0, #tp:"voxelStruct", #repeatL:[1,1,1,1,1,1,1,1,1,1], #bfTiles:0, #rnd:1, #ptPos:0, #tags:[]]
[#nm:"DSMachine W",#sz:point(10, 8), #specs:[2,1,1,1,1,1,1,4 ,-1,2,1,1,1,1,4,-1 ,-1,-1,1,1,1,1,-1,-1 ,3,1,1,1,1,1,1,5 ,1,1,1,1,1,1,1,1 ,1,1,1,1,1,1,1,1 ,2,1,-1,1,1,-1,1,4 ,-1,-1,-1,1,1,-1,-1,-1 ,-1,-1,1,1,1,1,-1,-1 ,-1,-1,2,1,1,4,-1,-1], #specs2:0, #tp:"voxelStruct", #repeatL:[1,1,1,1,1,1,1,1,1,1], #bfTiles:0, #rnd:1, #ptPos:0, #tags:[]]
[#nm:"DSPancake N",#sz:point(4, 3), #specs:[1,1,5 ,1,1,1 ,1,1,1 ,1,1,4], #specs2:0, #tp:"voxelStruct", #repeatL:[1,1,1,1,1,1,1,1,1,1], #bfTiles:0, #rnd:1, #ptPos:0, #tags:[]]
[#nm:"DSPancake E",#sz:point(3, 4), #specs:[1,1,1,1 ,1,1,1,1 ,2,1,1,4], #specs2:0, #tp:"voxelStruct", #repeatL:[1,1,1,1,1,1,1,1,1,1], #bfTiles:0, #rnd:1, #ptPos:0, #tags:[]]
[#nm:"DSPancake S",#sz:point(4, 3), #specs:[3,1,1 ,1,1,1 ,1,1,1 ,2,1,1], #specs2:0, #tp:"voxelStruct", #repeatL:[1,1,1,1,1,1,1,1,1,1], #bfTiles:0, #rnd:1, #ptPos:0, #tags:[]]
[#nm:"DSPancake W",#sz:point(3, 4), #specs:[3,1,1,5 ,1,1,1,1 ,1,1,1,1], #specs2:0, #tp:"voxelStruct", #repeatL:[1,1,1,1,1,1,1,1,1,1], #bfTiles:0, #rnd:1, #ptPos:0, #tags:[]]
[#nm:"DSPancake NW",#sz:point(4, 4), #specs:[1,1,1,5 ,1,1,1,1 ,1,1,1,4 ,2,1,4,-1], #specs2:0, #tp:"voxelStruct", #repeatL:[1,1,1,1,1,1,1,1,1,1], #bfTiles:0, #rnd:1, #ptPos:0, #tags:[]]
[#nm:"DSPancake NE",#sz:point(4, 4), #specs:[3,1,5,-1 ,1,1,1,5 ,1,1,1,1 ,1,1,1,4], #specs2:0, #tp:"voxelStruct", #repeatL:[1,1,1,1,1,1,1,1,1,1], #bfTiles:0, #rnd:1, #ptPos:0, #tags:[]]
[#nm:"DSPancake SE",#sz:point(4, 4), #specs:[-1,3,1,5 ,3,1,1,1 ,1,1,1,1 ,2,1,1,1], #specs2:0, #tp:"voxelStruct", #repeatL:[1,1,1,1,1,1,1,1,1,1], #bfTiles:0, #rnd:1, #ptPos:0, #tags:[]]
[#nm:"DSPancake SW",#sz:point(4, 4), #specs:[3,1,1,1 ,1,1,1,1 ,2,1,1,1 ,-1,2,1,4], #specs2:0, #tp:"voxelStruct", #repeatL:[1,1,1,1,1,1,1,1,1,1], #bfTiles:0, #rnd:1, #ptPos:0, #tags:[]]
[#nm:"DSBarrel N",#sz:point(4, 5), #specs:[1,1,1,1,1 ,1,1,1,1,1 ,1,1,1,1,1 ,1,1,1,1,1], #specs2:0, #tp:"voxelStruct", #repeatL:[1,1,1,1,1,1,1,1,1,1], #bfTiles:0, #rnd:1, #ptPos:0, #tags:[]]
[#nm:"DSBarrel E",#sz:point(5, 4), #specs:[1,1,1,1 ,1,1,1,1 ,1,1,1,1 ,1,1,1,1 ,1,1,1,1], #specs2:0, #tp:"voxelStruct", #repeatL:[1,1,1,1,1,1,1,1,1,1], #bfTiles:0, #rnd:1, #ptPos:0, #tags:[]]
[#nm:"DSBarrel S",#sz:point(4, 5), #specs:[1,1,1,1,1 ,1,1,1,1,1 ,1,1,1,1,1 ,1,1,1,1,1], #specs2:0, #tp:"voxelStruct", #repeatL:[1,1,1,1,1,1,1,1,1,1], #bfTiles:0, #rnd:1, #ptPos:0, #tags:[]]
[#nm:"DSBarrel W",#sz:point(5, 4), #specs:[1,1,1,1 ,1,1,1,1 ,1,1,1,1 ,1,1,1,1 ,1,1,1,1], #specs2:0, #tp:"voxelStruct", #repeatL:[1,1,1,1,1,1,1,1,1,1], #bfTiles:0, #rnd:1, #ptPos:0, #tags:[]]
[#nm:"DScoils N",#sz:point(8, 3), #specs:[-1,1,-1 ,1,1,1 ,1,1,1 ,1,1,1 ,1,1,1 ,1,1,1 ,1,1,1 ,-1,1,-1], #specs2:0, #tp:"voxelStruct", #repeatL:[1,1,1,1,1,1,1,1,1,1], #bfTiles:0, #rnd:1, #ptPos:0, #tags:[]]
[#nm:"DScoils E",#sz:point(3, 8), #specs:[-1,1,1,1,1,1,1,-1 ,1,1,1,1,1,1,1,1 ,-1,1,1,1,1,1,1,-1], #specs2:0, #tp:"voxelStruct", #repeatL:[1,1,1,1,1,1,1,1,1,1], #bfTiles:0, #rnd:1, #ptPos:0, #tags:[]]
[#nm:"DScoils S",#sz:point(8, 3), #specs:[-1,1,-1 ,1,1,1 ,1,1,1 ,1,1,1 ,1,1,1 ,1,1,1 ,1,1,1 ,-1,1,-1], #specs2:0, #tp:"voxelStruct", #repeatL:[1,1,1,1,1,1,1,1,1,1], #bfTiles:0, #rnd:1, #ptPos:0, #tags:[]]
[#nm:"DScoils W",#sz:point(3, 8), #specs:[-1,1,1,1,1,1,1,-1 ,1,1,1,1,1,1,1,1 ,-1,1,1,1,1,1,1,-1], #specs2:0, #tp:"voxelStruct", #repeatL:[1,1,1,1,1,1,1,1,1,1], #bfTiles:0, #rnd:1, #ptPos:0, #tags:[]]
[#nm:"cls N", #sz:point(5, 4), #specs:[-1,1,-1,-1 ,-1,1,1,1 ,1,1,-1,-1 ,-1,1,1,1 ,-1,1,-1,-1], #specs2:0,#tp:"voxelStruct", #repeatL:[1,1,1,1,1,1,1,1,1,1], #bfTiles:0, #rnd:1, #ptPos:0, #tags:[]]
[#nm:"cls E", #sz:point(4, 5), #specs:[-1,1,-1,1,-1 ,-1,1,-1,1,-1 ,1,1,1,1,1 ,-1,-1,1,-1,-1], #specs2:0,#tp:"voxelStruct", #repeatL:[1,1,1,1,1,1,1,1,1,1], #bfTiles:0, #rnd:1, #ptPos:0, #tags:[]]
[#nm:"cls S", #sz:point(5, 4), #specs:[-1,-1,1,-1 ,1,1,1,-1 ,-1,-1,1,1 ,1,1,1,-1 ,-1,-1,1,-1], #specs2:0,#tp:"voxelStruct", #repeatL:[1,1,1,1,1,1,1,1,1,1], #bfTiles:0, #rnd:1, #ptPos:0, #tags:[]]
[#nm:"cls W", #sz:point(4, 5), #specs:[-1,-1,1,-1,-1 ,1,1,1,1,1 ,-1,1,-1,1,-1 ,-1,1,-1,1,-1], #specs2:0,#tp:"voxelStruct", #repeatL:[1,1,1,1,1,1,1,1,1,1], #bfTiles:0, #rnd:1, #ptPos:0, #tags:[]]
