-["Special Pipes 2", color(0, 10, 255)]
[#nm:"Inside Huge PipeNS", #sz:point(12,2), #specs:[1,1,-1,-1,-1,-1,-1,-1,-1,-1,-1,-1,-1,-1,-1,-1,-1,-1,-1,-1,-1,-1,1,1], #specs2:[1,1,0,0,0,0,0,0,0,0,0,0,0,0,0,0,0,0,0,0,0,0,1,1], #tp:"voxelStruct", #repeatL:[2,1,1,1,1,1,1,1,1,1,1,1,1,1,1,1,1,1,1], #bfTiles:0, #rnd:1, #ptPos:0, #tags:[]]
[#nm:"Inside Huge PipeEW", #sz:point(2,12), #specs:[1,-1,-1,-1,-1,-1,-1,-1,-1,-1,-1,1,1,-1,-1,-1,-1,-1,-1,-1,-1,-1,-1,1], #specs2:[1,0,0,0,0,0,0,0,0,0,0,1,1,0,0,0,0,0,0,0,0,0,0,1], #tp:"voxelStruct", #repeatL:[1,1,1,1,1,1,1,1,1,1,1,1,1,1,1,1,1,1], #bfTiles:0, #rnd:1, #ptPos:0, #tags:[]]
[#nm:"Inside Huge PipeEN", #sz:point(12,12), #specs:[1,-1,-1,-1,-1,-1,-1,-1,-1,-1,-1,1,-1,-1,-1,-1,-1,-1,-1,-1,-1,-1,-1,1,-1,-1,-1,-1,-1,-1,-1,-1,-1,-1,-1,1,-1,-1,-1,-1,-1,-1,-1,-1,-1,-1,-1,1,-1,-1,-1,-1,-1,-1,-1,-1,-1,-1,-1,1,-1,-1,-1,-1,-1,-1,-1,-1,-1,-1,-1,1,-1,-1,-1,-1,-1,-1,-1,-1,-1,-1,-1,1,-1,-1,-1,-1,-1,-1,-1,-1,-1,-1,-1,1,-1,-1,-1,-1,-1,-1,-1,-1,-1,-1,-1,1,-1,-1,-1,-1,-1,-1,-1,-1,-1,-1,-1,1,-1,-1,-1,-1,-1,-1,-1,-1,-1,-1,3,1,1,1,1,1,1,1,1,1,1,1,1,1], #specs2:[1,0,0,0,0,0,0,0,0,0,0,1,0,0,0,0,0,0,0,0,0,0,0,1,0,0,0,0,0,0,0,0,0,0,0,1,0,0,0,0,0,0,0,0,0,0,0,1,0,0,0,0,0,0,0,0,0,0,0,1,0,0,0,0,0,0,0,0,0,0,0,1,0,0,0,0,0,0,0,0,0,0,0,1,0,0,0,0,0,0,0,0,0,0,0,1,0,0,0,0,0,0,0,0,0,0,0,1,0,0,0,0,0,0,0,0,0,0,0,1,0,0,0,0,0,0,0,0,0,0,3,1,1,1,1,1,1,1,1,1,1,1,1,1], #tp:"voxelStruct", #repeatL:[1,1,1,1,1,1,1,1,1,1,1,1,1,1,1,1,1,1,1], #bfTiles:0, #rnd:1, #ptPos:0, #tags:[]]
[#nm:"Inside Huge PipeES", #sz:point(12,12), #specs:[1,1,1,1,1,1,1,1,1,1,1,1,-1,-1,-1,-1,-1,-1,-1,-1,-1,-1,2,1,-1,-1,-1,-1,-1,-1,-1,-1,-1,-1,-1,1,-1,-1,-1,-1,-1,-1,-1,-1,-1,-1,-1,1,-1,-1,-1,-1,-1,-1,-1,-1,-1,-1,-1,1,-1,-1,-1,-1,-1,-1,-1,-1,-1,-1,-1,1,-1,-1,-1,-1,-1,-1,-1,-1,-1,-1,-1,1,-1,-1,-1,-1,-1,-1,-1,-1,-1,-1,-1,1,-1,-1,-1,-1,-1,-1,-1,-1,-1,-1,-1,1,-1,-1,-1,-1,-1,-1,-1,-1,-1,-1,-1,1,-1,-1,-1,-1,-1,-1,-1,-1,-1,-1,-1,1,1,-1,-1,-1,-1,-1,-1,-1,-1,-1,-1,1], #specs2:[1,1,1,1,1,1,1,1,1,1,1,1,0,0,0,0,0,0,0,0,0,0,2,1,0,0,0,0,0,0,0,0,0,0,0,1,0,0,0,0,0,0,0,0,0,0,0,1,0,0,0,0,0,0,0,0,0,0,0,1,0,0,0,0,0,0,0,0,0,0,0,1,0,0,0,0,0,0,0,0,0,0,0,1,0,0,0,0,0,0,0,0,0,0,0,1,0,0,0,0,0,0,0,0,0,0,0,1,0,0,0,0,0,0,0,0,0,0,0,1,0,0,0,0,0,0,0,0,0,0,0,1,1,0,0,0,0,0,0,0,0,0,0,1], #tp:"voxelStruct", #repeatL:[1,1,1,1,1,1,1,1,1,1,1,1,1,1,1,1,1,1,1], #bfTiles:0, #rnd:1, #ptPos:0, #tags:[]]
[#nm:"MediumInsidePipeHorizontal", #sz:point(1,4), #specs:[-1, 0, 0, -1], #specs2:0, #tp:"voxelStruct", #repeatL:[1,1,1,1,1,1,1,1,1,1], #bfTiles:0, #rnd:1, #ptPos:0, #tags:[]]
[#nm:"MediumInsidePipeVertical", #sz:point(4,1), #specs:[-1, 0, 0, -1], #specs2:0, #tp:"voxelStruct", #repeatL:[1,1,1,1,1,1,1,1,1,1], #bfTiles:0, #rnd:1, #ptPos:0, #tags:[]]
[#nm:"Big Inside Pipe Grate L", #sz:point(1,5), #specs:[-1, 1, 1, 1, -1], #specs2:0, #tp:"voxelStruct", #repeatL:[1,1,1,1,1,1,1,1,1,1], #bfTiles:0, #rnd:1, #ptPos:0, #tags:[]]
[#nm:"Big Inside Pipe Grate LR", #sz:point(1,5), #specs:[-1, 1, 1, 1, -1], #specs2:0, #tp:"voxelStruct", #repeatL:[1,1,1,1,1,1,1,1,1,1], #bfTiles:0, #rnd:1, #ptPos:0, #tags:[]]
[#nm:"Big Inside Pipe Grate R", #sz:point(1,5), #specs:[-1, 1, 1, 1, -1], #specs2:0, #tp:"voxelStruct", #repeatL:[1,1,1,1,1,1,1,1,1,1], #bfTiles:0, #rnd:1, #ptPos:0, #tags:[]]
[#nm:"Big Inside Pipe Grate", #sz:point(1,5), #specs:[-1, 1, 1, 1, -1], #specs2:0, #tp:"voxelStruct", #repeatL:[1,1,1,1,1,1,1,1,1,1], #bfTiles:0, #rnd:1, #ptPos:0, #tags:[]]
[#nm:"Big Inside Pipe Grate triple", #sz:point(1,5), #specs:[-1, 1, 1, 1, -1], #specs2:0, #tp:"voxelStruct", #repeatL:[1,1,1,1,1,1,1,1,1,1], #bfTiles:0, #rnd:1, #ptPos:0, #tags:[]]
[#nm:"Big Pipe Horizontal crossed", #sz:point(12,6), #specs:[-1, 1, 1, 1, 1, -1, -1, 1, 1, 1, 1, -1, -1, 1, 1, 1, 1, -1, -1, 1, 1, 1, 1, -1, -1, 1, 1, 1, 1, -1, -1, 1, 1, 1, 1, -1, -1, 1, 1, 1, 1, -1, -1, 1, 1, 1, 1, -1, -1, 1, 1, 1, 1, -1, -1, 1, 1, 1, 1, -1, -1, 1, 1, 1, 1, -1, -1, 1, 1, 1, 1, -1], #specs2:[1, 1, 1, 1, 1, 1, 1, 1, 1, 1, 1, 1, 1, 1, 1, 1, 1, 1, 1, 1, 1, 1, 1, 1, 1, 1, 1, 1, 1, 1, 1, 1, 1, 1, 1, 1, 1, 1, 1, 1, 1, 1, 1, 1, 1, 1, 1, 1, 1, 1, 1, 1, 1, 1, 1, 1, 1, 1, 1, 1, 1, 1, 1, 1, 1, 1, 1, 1, 1, 1, 1, 1], #tp:"voxelStruct", #repeatL:[1,1,1,1,1,1,1,1,1,1,   1,1,1,1,1,1,2,2], #bfTiles:0, #rnd:1, #ptPos:0, #tags:[]]
[#nm:"Big Pipe Vertical crossed", #sz:point(6,12), #specs:[-1, -1, -1, -1, -1, -1, -1, -1, -1, -1, -1, -1, 1, 1, 1, 1, 1, 1, 1, 1, 1, 1, 1, 1, 1, 1, 1, 1, 1, 1, 1, 1, 1, 1, 1, 1, 1, 1, 1, 1, 1, 1, 1, 1, 1, 1, 1, 1, 1, 1, 1, 1, 1, 1, 1, 1, 1, 1, 1, 1, -1, -1, -1, -1, -1, -1, -1, -1, -1, -1, -1, -1], #specs2:[1, 1, 1, 1, 1, 1, 1, 1, 1, 1, 1, 1, 1, 1, 1, 1, 1, 1, 1, 1, 1, 1, 1, 1, 1, 1, 1, 1, 1, 1, 1, 1, 1, 1, 1, 1, 1, 1, 1, 1, 1, 1, 1, 1, 1, 1, 1, 1, 1, 1, 1, 1, 1, 1, 1, 1, 1, 1, 1, 1, 1, 1, 1, 1, 1, 1, 1, 1, 1, 1, 1, 1, 1, 1, 1, 1, 1, 1], #tp:"voxelStruct", #repeatL:[1,1,1,1,1,1,1,1,1,1,   1,1,1,1,1,1,1,1,1,1], #bfTiles:0, #rnd:1, #ptPos:0, #tags:[]]
[#nm:"Big Inside Pipe Cover", #sz:point(5,1), #specs:[1,0,0,0,1], #specs2:0, #tp:"voxelStruct", #repeatL:[1,1,1,1,1,1,1,1,1,1], #bfTiles:0, #rnd:1, #ptPos:0, #tags:["notTrashProp"]]
[#nm:"Bigger Pipe Vertical", #sz:point(7,1), #specs:[-1, 1, 1, 1, 1, 1, -1], #specs2:[1, 1, 1, 1, 1, 1, 1], #tp:"voxelStruct", #repeatL:[1,1,1,1,1,1,1,1,1,1,   1,1,1,1,1,1,1,1,1,1], #bfTiles:0, #rnd:1, #ptPos:0, #tags:[]]
[#nm:"Bigger Pipe Horizontal", #sz:point(1,7), #specs:[-1, 1, 1, 1, 1, 1, -1], #specs2:[1, 1, 1, 1, 1, 1, 1], #tp:"voxelStruct", #repeatL:[1,1,1,1,1,1,1,1,1,1,   1,1,1,1,1,1,2,2], #bfTiles:0, #rnd:1, #ptPos:0, #tags:[]]
[#nm:"Bigger Pipe LU", #sz:point(7,7), #specs:[-1,1,1,1,1,1,-1,  1,1,1,1,1,1,-1,  1,1,1,1,1,1,-1,  1,1,1,1,1,1,-1,  1,1,1,1,1,1,-1,  1,1,1,1,1,1,-1,  -1,-1,-1,-1,-1,-1,-1], #specs2:[1,1,1,1,1,1,1,  1,1,1,1,1,1,1,  1,1,1,1,1,1,-1,  1,1,1,1,1,1,-1,  1,1,1,1,1,1,-1,  1,1,1,1,1,1,-1,  1,1,-1,-1,-1,-1,-1], #tp:"voxelStruct", #repeatL:[1,1,1,1,1,1,1,1,1,1,   1,1,1,1,1,1,2,2], #bfTiles:0, #rnd:1, #ptPos:0, #tags:[]]
[#nm:"Bigger Pipe RU", #sz:point(7,7), #specs:[-1,-1,-1,-1,-1,-1,-1,  1,1,1,1,1,1,-1,  1,1,1,1,1,1,-1,  1,1,1,1,1,1,-1,  1,1,1,1,1,1,-1, 1,1,1,1,1,1,-1,  -1,1,1,1,1,1,-1], #specs2:[1,1,-1,-1,-1,-1,-1, 1,1,1,1,1,1,-1,  1,1,1,1,1,1,-1,  1,1,1,1,1,1,-1,  1,1,1,1,1,1,-1,  1,1,1,1,1,1,1,  1,1,1,1,1,1,1], #tp:"voxelStruct", #repeatL:[1,1,1,1,1,1,1,1,1,1,   1,1,1,1,1,1,2,2], #bfTiles:0, #rnd:1, #ptPos:0, #tags:[]]
[#nm:"Bigger Pipe RD", #sz:point(7,7), #specs:[-1,-1,-1,-1,-1,-1,-1,  -1,1,1,1,1,1,1,  -1,1,1,1,1,1,1,  -1,1,1,1,1,1,1,  -1,1,1,1,1,1,1,  -1,1,1,1,1,1,1,  -1,1,1,1,1,1,-1], #specs2:[-1,-1,-1,-1,-1,1,1, -1,1,1,1,1,1,1,  -1,1,1,1,1,1,1,  -1,1,1,1,1,1,1,  -1,1,1,1,1,1,1,  1,1,1,1,1,1,1,  1,1,1,1,1,1,1], #tp:"voxelStruct", #repeatL:[1,1,1,1,1,1,1,1,1,1,   1,1,1,1,1,1,2,2], #bfTiles:0, #rnd:1, #ptPos:0, #tags:[]]
[#nm:"Bigger Pipe LD", #sz:point(7,7), #specs:[-1,1,1,1,1,1,-1,  -1,1,1,1,1,1,1,  -1,1,1,1,1,1,1,  -1,1,1,1,1,1,1,  -1,1,1,1,1,1,1,  -1,1,1,1,1,1,1,  -1,-1,-1,-1,-1,-1,-1], #specs2:[1,1,1,1,1,1,1,  1,1,1,1,1,1,1,  -1,1,1,1,1,1,1,  -1,1,1,1,1,1,1,  -1,1,1,1,1,1,1,  -1,1,1,1,1,1,1,  -1,-1,-1,-1,-1,1,1], #tp:"voxelStruct", #repeatL:[1,1,1,1,1,1,1,1,1,1,   1,1,1,1,1,1,2,2], #bfTiles:0, #rnd:1, #ptPos:0, #tags:[]]
[#nm:"Inside Colossal Pipe", #sz:point(42,4), #specs:[1,1,1,1,-1,-1,-1,-1,-1,-1,-1,-1,-1,-1,-1,-1,-1,-1,-1,-1,-1,-1,-1,-1,-1,-1,-1,-1,-1,-1,-1,-1,-1,-1,-1,-1,-1,-1,-1,-1,-1,-1,-1,-1,-1,-1,-1,-1,-1,-1,-1,-1,-1,-1,-1,-1,-1,-1,-1,-1,-1,-1,-1,-1,-1,-1,-1,-1,-1,-1,-1,-1,-1,-1,-1,-1,-1,-1,-1,-1,-1,-1,-1,-1,-1,-1,-1,-1,-1,-1,-1,-1,-1,-1,-1,-1,-1,-1,-1,-1,-1,-1,-1,-1,-1,-1,-1,-1,-1,-1,-1,-1,-1,-1,-1,-1,-1,-1,-1,-1,-1,-1,-1,-1,-1,-1,-1,-1,-1,-1,-1,-1,-1,-1,-1,-1,-1,-1,-1,-1,-1,-1,-1,-1,-1,-1,-1,-1,-1,-1,-1,-1,-1,-1,-1,-1,-1,-1,-1,-1,-1,-1,-1,-1,1,1,1,1], #specs2:[1,1,1,1,-1,-1,-1,-1,-1,-1,-1,-1,-1,-1,-1,-1,-1,-1,-1,-1,-1,-1,-1,-1,-1,-1,-1,-1,-1,-1,-1,-1,-1,-1,-1,-1,-1,-1,-1,-1,-1,-1,-1,-1,-1,-1,-1,-1,-1,-1,-1,-1,-1,-1,-1,-1,-1,-1,-1,-1,-1,-1,-1,-1,-1,-1,-1,-1,-1,-1,-1,-1,-1,-1,-1,-1,-1,-1,-1,-1,-1,-1,-1,-1,-1,-1,-1,-1,-1,-1,-1,-1,-1,-1,-1,-1,-1,-1,-1,-1,-1,-1,-1,-1,-1,-1,-1,-1,-1,-1,-1,-1,-1,-1,-1,-1,-1,-1,-1,-1,-1,-1,-1,-1,-1,-1,-1,-1,-1,-1,-1,-1,-1,-1,-1,-1,-1,-1,-1,-1,-1,-1,-1,-1,-1,-1,-1,-1,-1,-1,-1,-1,-1,-1,-1,-1,-1,-1,-1,-1,-1,-1,-1,-1,1,1,1,1], #tp:"voxelStruct", #repeatL:[1,1,1,1,1,1,1,1,1,1,1,1,1,1,1,1,1,1,1,1], #bfTiles:0, #rnd:1, #ptPos:0, #tags:[]]
[#nm:"Inside Colossal Pipe L3", #sz:point(42,4), #specs:[1,1,1,1,-1,-1,-1,-1,-1,-1,-1,-1,-1,-1,-1,-1,-1,-1,-1,-1,-1,-1,-1,-1,-1,-1,-1,-1,-1,-1,-1,-1,-1,-1,-1,-1,-1,-1,-1,-1,-1,-1,-1,-1,-1,-1,-1,-1,-1,-1,-1,-1,-1,-1,-1,-1,-1,-1,-1,-1,-1,-1,-1,-1,-1,-1,-1,-1,-1,-1,-1,-1,-1,-1,-1,-1,-1,-1,-1,-1,-1,-1,-1,-1,-1,-1,-1,-1,-1,-1,-1,-1,-1,-1,-1,-1,-1,-1,-1,-1,-1,-1,-1,-1,-1,-1,-1,-1,-1,-1,-1,-1,-1,-1,-1,-1,-1,-1,-1,-1,-1,-1,-1,-1,-1,-1,-1,-1,-1,-1,-1,-1,-1,-1,-1,-1,-1,-1,-1,-1,-1,-1,-1,-1,-1,-1,-1,-1,-1,-1,-1,-1,-1,-1,-1,-1,-1,-1,-1,-1,-1,-1,-1,-1,1,1,1,1], #specs2:0, #tp:"voxelStruct", #repeatL:[1,1,1,1,1,1,1,1,1,1], #bfTiles:0, #rnd:1, #ptPos:0, #tags:[]]
[#nm:"Pipe Spout E", #sz:point(1,1), #specs:[1], #specs2:0, #tp:"voxelStruct", #repeatL:[1,1,1,1,1,1,1,1,1,1], #bfTiles:1, #rnd:1, #ptPos:0, #tags:["nonSolid"]]
[#nm:"Pipe Spout W", #sz:point(1,1), #specs:[1], #specs2:0, #tp:"voxelStruct", #repeatL:[1,1,1,1,1,1,1,1,1,1], #bfTiles:1, #rnd:1, #ptPos:0, #tags:["nonSolid"]]
[#nm:"Thick Pipe Vertical 2", #sz:point(2,2), #specs:[1,1,1,1], #specs2:0, #tp:"voxelStruct", #repeatL:[1,1,1,4,1,1,1], #bfTiles:0, #rnd:1, #ptPos:0, #tags:["nonSolid"]]
[#nm:"Thick Pipe Horizontal 2", #sz:point(2,2), #specs:[1,1,1,1], #specs2:0, #tp:"voxelStruct", #repeatL:[1,1,1,4,1,1,1], #bfTiles:0, #rnd:1, #ptPos:0, #tags:["nonSolid"]]
[#nm:"Thick Pipe WS 2", #sz:point(3,3), #specs:[1,1,-1,1,1,1,1,1,1], #specs2:0, #tp:"voxelStruct", #repeatL:[1,1,1,4,1,1,1], #bfTiles:0, #rnd:1, #ptPos:0, #tags:["nonSolid"]]
[#nm:"Thick Pipe WN 2", #sz:point(3,3), #specs:[-1,1,1,1,1,1,1,1,1], #specs2:0, #tp:"voxelStruct", #repeatL:[1,1,1,4,1,1,1], #bfTiles:0, #rnd:1, #ptPos:0, #tags:["nonSolid"]]
[#nm:"Thick Pipe ES 2", #sz:point(3,3), #specs:[1,1,1,1,1,1,1,1,-1], #specs2:0, #tp:"voxelStruct", #repeatL:[1,1,1,4,1,1,1], #bfTiles:0, #rnd:1, #ptPos:0, #tags:["nonSolid"]]
[#nm:"Thick Pipe EN 2", #sz:point(3,3), #specs:[1,1,1,1,1,1,-1,1,1], #specs2:0, #tp:"voxelStruct", #repeatL:[1,1,1,4,1,1,1], #bfTiles:0, #rnd:1, #ptPos:0, #tags:["nonSolid"]]
[#nm:"VentToPipe E", #sz:point(2,4), #specs:[1,1,1,1,2,1,1,4], #specs2:0, #tp:"voxelStruct", #repeatL:[1,1,1,1,1,1,1,1,1,1], #bfTiles:1, #rnd:1, #ptPos:0, #tags:["nonSolid"]]
[#nm:"VentToPipe W", #sz:point(2,4), #specs:[3,1,1,5,1,1,1,1], #specs2:0, #tp:"voxelStruct", #repeatL:[1,1,1,1,1,1,1,1,1,1], #bfTiles:1, #rnd:1, #ptPos:0, #tags:["nonSolid"]]
[#nm:"Bolted Thick Plain Pipe Vertical Connector", #sz:point(2,1), #specs:[1,1], #specs2:0, #tp:"voxelStruct", #repeatL:[1,1,1,1,1,1,1,1,1,1], #bfTiles:1, #rnd:1, #ptPos:0, #tags:[]]
[#nm:"Less Big Inside Pipe Vertical B", #sz:point(4,1), #specs:[-1, 0, 0, -1], #specs2:0, #tp:"voxelStruct", #repeatL:[1,1,1,1,1,1,1,1,1,1], #bfTiles:0, #rnd:1, #ptPos:0, #tags:[]]
[#nm:"Inside Huge Indented Pipe", #sz:point(18,1), #specs:[1,0,0,0,0,0,0,0,0,0,0,0,0,0,0,0,0,1], #specs2:[1,0,0,0,0,0,0,0,0,0,0,0,0,0,0,0,0,1], #tp:"voxelStruct", #repeatL:[2,1,1,1,1,1,1,1,1,1,1,1,1,1,1,1,1,1,1], #bfTiles:0, #rnd:1, #ptPos:0, #tags:[]]
[#nm:"Inside Pipe Edge W", #sz:point(3,1), #specs:[-1,0,-1], #specs2:0, #tp:"voxelStruct", #repeatL:[1,1,1,1,1,1,1,1,1,1], #bfTiles:0, #rnd:1, #ptPos:0, #tags:[]]
[#nm:"Thick Inside Pipe Vertical B", #sz:point(4,1), #specs:[-1,0,0,-1], #specs2:0, #tp:"voxelStruct", #repeatL:[1,1,1,1,1,1,1,1,1,1], #bfTiles:0, #rnd:1, #ptPos:0, #tags:[]]
[#nm:"Humongus Inside Pipe Horizontal B", #sz:point(1,6), #specs:[-1,0,0,0,0,-1], #specs2:0, #tp:"voxelStruct", #repeatL:[1,1,1,1,1,1,1,1,1,1], #bfTiles:0, #rnd:1, #ptPos:0, #tags:[]]
[#nm:"Humongus Inside Pipe Vertical B", #sz:point(6,1), #specs:[-1,0,0,0,0,-1], #specs2:0, #tp:"voxelStruct", #repeatL:[1,1,1,1,1,1,1,1,1,1], #bfTiles:0, #rnd:1, #ptPos:0, #tags:[]]
[#nm:"Humongus Inwards Pipe", #sz:point(6,6), #specs:[4,0,0,0,0,2,0,0,0,0,0,0,0,0,0,0,0,0,0,0,0,0,0,0,0,0,0,0,0,0,5,0,0,0,0,3], #specs2:0, #tp:"voxelStruct", #repeatL:[1,2,7], #bfTiles:0, #rnd:1, #ptPos:0, #tags:[]]
[#nm:"Monster Inside Pipe Vertical B", #sz:point(8,1), #specs:[-1,0,0,0,0,0,0,-1], #specs2:0, #tp:"voxelStruct", #repeatL:[1,1,1,1,1,1,1,1,1,1], #bfTiles:0, #rnd:1, #ptPos:0, #tags:[]]
[#nm:"Godzilla Inside Pipe Horizontal B", #sz:point(2,20), #specs:[-1,0,0,0,0,0,0,0,0,0,0,0,0,0,0,0,0,0,0,-1,-1,0,0,0,0,0,0,0,0,0,0,0,0,0,0,0,0,0,0,-1], #specs2:[1,1,1,1,1,1,1,1,1,1,1,1,1,1,1,1,1,1,1,1,1,1,1,1,1,1,1,1,1,1,1,1,1,1,1,1,1,1,1,1], #tp:"voxelStruct", #repeatL:[1,1,1,1,1,1,1,1,1,1,1,1,1,1,1,1,1,1,1,1], #bfTiles:0, #rnd:1, #ptPos:0, #tags:[]]
[#nm:"14 Tile Inside Pipe", #sz:point(14,1), #specs:[1,-1,-1,-1,-1,-1,-1,-1,-1,-1,-1,-1,-1,1], #specs2:[1,1,1,1,1,1,1,1,1,1,1,1,1,1], #tp:"voxelStruct", #repeatL:[1,1,1,1,1,1,1,1,1,1,1,1,1,1,1,1,1,1,1,1], #bfTiles:0, #rnd:1, #ptPos:0, #tags:[]]
[#nm:"16 Tile Inside Pipe", #sz:point(16,1), #specs:[1,-1,-1,-1,-1,-1,-1,-1,-1,-1,-1,-1,-1,-1,-1,1], #specs2:[1,1,1,1,1,1,1,1,1,1,1,1,1,1,1,1], #tp:"voxelStruct", #repeatL:[1,1,1,1,1,1,1,1,1,1,1,1,1,1,1,1,1,1,1,1], #bfTiles:0, #rnd:1, #ptPos:0, #tags:[]]
[#nm:"16 to 14 Tile Inside Pipe E", #sz:point(16,1), #specs:[4,-1,-1,-1,-1,-1,-1,-1,-1,-1,-1,-1,-1,-1,-1,5], #specs2:[1,1,1,1,1,1,1,1,1,1,1,1,1,1,1,1], #tp:"voxelStruct", #repeatL:[1,1,1,1,1,1,1,1,1,1,1,1,1,1,1,1,1,1,1,1], #bfTiles:0, #rnd:1, #ptPos:0, #tags:[]]
[#nm:"16 to 14 Tile Inside Pipe C", #sz:point(16,1), #specs:[2,-1,-1,-1,-1,-1,-1,-1,-1,-1,-1,-1,-1,-1,-1,3], #specs2:[1,1,1,1,1,1,1,1,1,1,1,1,1,1,1,1], #tp:"voxelStruct", #repeatL:[1,1,1,1,1,1,1,1,1,1,1,1,1,1,1,1,1,1,1,1], #bfTiles:0, #rnd:1, #ptPos:0, #tags:[]]
[#nm:"21 Tile Inside Pipe", #sz:point(21,1), #specs:[0,-1,-1,-1,-1,-1,-1,-1,-1,-1,-1,-1,-1,-1,-1,-1,-1,-1,-1,-1,0], #specs2:[1,1,1,1,1,1,1,1,1,1,1,1,1,1,1,1,1,1,1,1,1], #tp:"voxelStruct", #repeatL:[1,1,1,1,1,1,1,1,1,1,1,1,1,1,1,1,1,1,2], #bfTiles:0, #rnd:1, #ptPos:0, #tags:[]]
[#nm:"23 Tile Inside Pipe", #sz:point(23,1), #specs:[0,-1,-1,-1,-1,-1,-1,-1,-1,-1,-1,-1,-1,-1,-1,-1,-1,-1,-1,-1,-1,-1,0], #specs2:[1,1,1,1,1,1,1,1,1,1,1,1,1,1,1,1,1,1,1,1,1,1,1], #tp:"voxelStruct", #repeatL:[1,1,1,1,1,1,1,1,1,1,1,1,1,1,1,1,1,1,1,1], #bfTiles:0, #rnd:1, #ptPos:0, #tags:[]]
[#nm:"23 to 21 Tile Inside Pipe C", #sz:point(23,1), #specs:[2,-1,-1,-1,-1,-1,-1,-1,-1,-1,-1,-1,-1,-1,-1,-1,-1,-1,-1,-1,-1,-1,3], #specs2:[1,1,1,1,1,1,1,1,1,1,1,1,1,1,1,1,1,1,1,1,1,1,1], #tp:"voxelStruct", #repeatL:[1,1,1,1,1,1,1,1,1,1,1,1,1,1,1,1,1,1,1,1], #bfTiles:0, #rnd:1, #ptPos:0, #tags:[]]
[#nm:"23 to 21 Tile Inside Pipe E", #sz:point(23,1), #specs:[4,-1,-1,-1,-1,-1,-1,-1,-1,-1,-1,-1,-1,-1,-1,-1,-1,-1,-1,-1,-1,-1,5], #specs2:[1,1,1,1,1,1,1,1,1,1,1,1,1,1,1,1,1,1,1,1,1,1,1], #tp:"voxelStruct", #repeatL:[1,1,1,1,1,1,1,1,1,1,1,1,1,1,1,1,1,1,1,1], #bfTiles:0, #rnd:1, #ptPos:0, #tags:[]]
[#nm:"5 Tile Pipe", #sz:point(5,1), #specs:[1,1,1,1,1], #specs2:0, #tp:"voxelStruct", #repeatL:[1,1,1,1,2,1,1,1,1], #bfTiles:0, #rnd:1, #ptPos:0, #tags:[]]