-["Com Misc3", color(92, 7, 130)]
[#nm:"BigBrickCorn", #sz:point(2,2), #specs:[1,1,1,1], #specs2:0, #tp:"voxelStruct", #repeatL:[1, 1, 1, 7], #bfTiles:0, #rnd:1, #ptPos:0, #tags:[]]
[#nm:"3DBrickCorn", #sz:point(1,1), #specs:[1], #specs2:0, #tp:"voxelStruct", #repeatL:[1, 1, 1, 7], #bfTiles:0, #rnd:1, #ptPos:0, #tags:[]]
[#nm:"BGBox", #sz:point(2,4), #specs:[0,0,0,0,0,0,0,0], #specs2:0, #tp:"voxelStruct", #repeatL:[6,1,1,1,1], #bfTiles:0, #rnd:1, #ptPos:0, #tags:["nonSolid"]]
[#nm:"Fan 40x40x10", #sz:point(40,40), #specs:[1,1,1,1,1,1,1,1,1,1,1,1,1,1,1,1,1,1,1,1,1,1,1,1,1,1,1,1,1,1,1,1,1,1,1,1,1,1,1,1,1,1,1,1,1,1,1,1,1,1,1,1,1,1,1,1,1,1,1,1,1,1,1,1,1,1,1,1,1,1,1,1,1,1,1,1,1,1,1,1,1,1,1,1,1,1,1,1,1,1,1,1,1,1,1,1,1,1,1,1,1,1,1,1,1,1,1,1,1,1,1,1,1,1,1,1,1,1,1,1,1,1,1,1,1,1,1,1,1,1,1,1,1,1,1,1,1,1,1,1,1,1,1,1,1,1,1,1,1,1,1,1,1,1,1,1,1,1,1,1,1,1,1,1,1,1,1,1,1,1,1,1,1,1,1,1,1,1,1,1,1,1,1,1,1,1,1,1,1,1,1,1,1,1,1,1,1,1,1,1,1,1,1,1,1,1,1,1,1,1,1,1,1,1,1,1,1,1,1,1,1,1,1,1,1,1,1,1,1,1,1,1,1,1,1,1,1,1,1,1,1,1,1,1,1,1,1,1,1,1,1,1,1,1,1,1,1,1,1,1,1,1,1,1,1,1,1,1,1,1,1,1,1,1,1,1,1,1,1,1,1,1,1,1,1,1,1,1,1,1,1,1,1,1,1,1,1,1,1,1,1,1,1,1,1,1,1,1,1,1,1,1,1,1,1,1,1,1,1,1,1,1,1,1,1,1,1,1,1,1,1,1,1,1,1,1,1,1,1,1,1,1,1,1,1,1,1,1,1,1,1,1,1,1,1,1,1,1,1,1,1,1,1,1,1,1,1,1,1,1,1,1,1,1,1,1,1,1,1,1,1,1,1,1,1,1,1,1,1,1,1,1,1,1,1,1,1,1,1,1,1,1,1,1,1,1,1,1,1,1,1,1,1,1,1,1,1,1,1,1,1,1,1,1,1,1,1,1,1,1,1,1,1,1,1,1,1,1,1,1,1,1,1,1,1,1,1,1,1,1,1,1,1,1,1,1,1,1,1,1,1,1,1,1,1,1,1,1,1,1,1,1,1,1,1,1,1,1,1,1,1,1,1,1,1,1,1,1,1,1,1,1,1,1,1,1,1,1,1,1,1,1,1,1,1,1,1,1,1,1,1,1,1,1,1,1,1,1,1,1,1,1,1,1,1,1,1,1,1,1,1,1,1,1,1,1,1,1,1,1,1,1,1,1,1,1,1,1,1,1,1,1,1,1,1,1,1,1,1,1,1,1,1,1,1,1,1,1,1,1,1,1,1,1,1,1,1,1,1,1,1,1,1,1,1,1,1,1,1,1,1,1,1,1,1,1,1,1,1,1,1,1,1,1,1,1,1,1,1,1,1,1,1,1,1,1,1,1,1,1,1,1,1,1,1,1,1,1,1,1,1,1,1,1,1,1,1,1,1,1,1,1,1,1,1,1,1,1,1,1,1,1,1,1,1,1,1,1,1,1,1,1,1,1,1,1,1,1,1,1,1,1,1,1,1,1,1,1,1,1,1,1,1,1,1,1,1,1,1,1,1,1,1,1,1,1,1,1,1,1,1,1,1,1,1,1,1,1,1,1,1,1,1,1,1,1,1,1,1,1,1,1,1,1,1,1,1,1,1,1,1,1,1,1,1,1,1,1,1,1,1,1,1,1,1,1,1,1,1,1,1,1,1,1,1,1,1,1,1,1,1,1,1,1,1,1,1,1,1,1,1,1,1,1,1,1,1,1,1,1,1,1,1,1,1,1,1,1,1,1,1,1,1,1,1,1,1,1,1,1,1,1,1,1,1,1,1,1,1,1,1,1,1,1,1,1,1,1,1,1,1,1,1,1,1,1,1,1,1,1,1,1,1,1,1,1,1,1,1,1,1,1,1,1,1,1,1,1,1,1,1,1,1,1,1,1,1,1,1,1,1,1,1,1,1,1,1,1,1,1,1,1,1,1,1,1,1,1,1,1,1,1,1,1,1,1,1,1,1,1,1,1,1,1,1,1,1,1,1,1,1,1,1,1,1,1,1,1,1,1,1,1,1,1,1,1,1,1,1,1,1,1,1,1,1,1,1,1,1,1,1,1,1,1,1,1,1,1,1,1,1,1,1,1,1,1,1,1,1,1,1,1,1,1,1,1,1,1,1,1,1,1,1,1,1,1,1,1,1,1,1,1,1,1,1,1,1,1,1,1,1,1,1,1,1,1,1,1,1,1,1,1,1,1,1,1,1,1,1,1,1,1,1,1,1,1,1,1,1,1,1,1,1,1,1,1,1,1,1,1,1,1,1,1,1,1,1,1,1,1,1,1,1,1,1,1,1,1,1,1,1,1,1,1,1,1,1,1,1,1,1,1,1,1,1,1,1,1,1,1,1,1,1,1,1,1,1,1,1,1,1,1,1,1,1,1,1,1,1,1,1,1,1,1,1,1,1,1,1,1,1,1,1,1,1,1,1,1,1,1,1,1,1,1,1,1,1,1,1,1,1,1,1,1,1,1,1,1,1,1,1,1,1,1,1,1,1,1,1,1,1,1,1,1,1,1,1,1,1,1,1,1,1,1,1,1,1,1,1,1,1,1,1,1,1,1,1,1,1,1,1,1,1,1,1,1,1,1,1,1,1,1,1,1,1,1,1,1,1,1,1,1,1,1,1,1,1,1,1,1,1,1,1,1,1,1,1,1,1,1,1,1,1,1,1,1,1,1,1,1,1,1,1,1,1,1,1,1,1,1,1,1,1,1,1,1,1,1,1,1,1,1,1,1,1,1,1,1,1,1,1,1,1,1,1,1,1,1,1,1,1,1,1,1,1,1,1,1,1,1,1,1,1,1,1,1,1,1,1,1,1,1,1,1,1,1,1,1,1,1,1,1,1,1,1,1,1,1,1,1,1,1,1,1,1,1,1,1,1,1,1,1,1,1,1,1,1,1,1,1,1,1,1,1,1,1,1,1,1,1,1,1,1,1,1,1,1,1,1,1,1,1,1,1,1,1,1,1,1,1,1,1,1,1,1,1,1,1,1,1,1,1,1,1,1,1,1,1,1,1,1,1,1,1,1,1,1,1,1,1,1,1,1,1,1,1,1,1,1,1,1,1,1,1,1,1,1,1,1,1,1,1,1,1,1,1,1,1,1,1,1,1,1,1,1,1,1,1,1,1,1,1,1,1,1,1,1,1,1,1,1,1,1,1,1,1,1,1,1,1,1,1,1,1,1,1,1,1,1,1,1,1,1,1,1,1,1,1,1,1,1,1,1,1,1,1,1,1,1,1,1,1,1,1,1,1,1,1,1,1,1,1,1,1,1,1,1,1,1,1,1,1,1,1,1,1,1,1,1,1,1,1,1,1,1,1,1,1,1,1,1,1,1,1,1,1,1,1,1,1,1,1,1,1,1,1,1,1,1,1,1,1,1,1,1,1,1,1,1,1,1,1,1,1,1,1,1,1,1,1,1,1,1,1,1,1,1,1,1,1,1,1,1,1,1,1,1,1,1,1,1,1,1,1,1,1,1,1,1,1,1,1,1,1,1,1,1,1,1,1,1,1,1,1,1,1,1,1,1,1,1,1,1,1,1,1,1,1,1,1], #specs2:0, #tp:"voxelStruct", #repeatL:[1,1,1,1,1,1,1,1,1,1], #bfTiles:0, #rnd:1, #ptPos:0, #tags:[]]
[#nm:"SUPatternO2", #sz:point(5,5), #specs:[1,1,1,1,1, 1,1,1,1,1, 1,1,1,1,1, 1,1,1,1,1, 1,1,1,1,1], #specs2:0, #tp:"voxelStruct", #repeatL:[3,1,1,1,4], #bfTiles:0, #rnd:1, #ptPos:0, #tags:["notTrashProp", "notProp"]]
[#nm:"SUPatternP", #sz:point(5,5), #specs:[1,1,1,1,1, 1,1,1,1,1, 1,1,1,1,1, 1,1,1,1,1, 1,1,1,1,1], #specs2:0, #tp:"voxelStruct", #repeatL:[3,1,1,1,4], #bfTiles:0, #rnd:1, #ptPos:0, #tags:["notTrashProp", "notProp"]]
[#nm:"Wide Gabion", #sz:point(3,2), #specs:[1, 1, 1, 1, 1, 1], #specs2:0, #tp:"voxelStruct", #repeatL:[1, 1, 1, 1, 1, 1, 3, 1], #bfTiles:1, #rnd:1, #ptPos:0, #tags:[]]
[#nm:"Big Gabion", #sz:point(4,3), #specs:[1,1,1,1,1,1,1,1,1,1,1,1], #specs2:0, #tp:"voxelStruct", #repeatL:[1,1,1,1,1,1,3,1], #bfTiles:1, #rnd:4, #ptPos:0, #tags:["notProp"]]
[#nm:"SuspensionProp1", #sz:point(4,2), #specs: [0,0,0,0, 0,0,0,0], #specs2:0, #tp:"voxelStruct", #repeatL:[1,1,1,1,1,1,1,1,1], #bfTiles:0, #rnd:1, #ptPos:0, #tags:[]]
[#nm:"SuspensionProp2", #sz:point(6,3), #specs: [0,0,0,0,0,0, 0,0,0,0,0,0, 0,0,0,0,0,0], #specs2:0, #tp:"voxelStruct", #repeatL:[1,1,1,1,1,1,1,1,1], #bfTiles:0, #rnd:1, #ptPos:0, #tags:[]]
[#nm:"big_wall_vent_window", #sz:point(6,6), #specs:[-1,0,0,0,0,-1,  0,0,0,0,0,0,  0,0,0,0,0,0,  0,0,0,0,0,0,  0,0,0,0,0,0,  -1,0,0,0,0,-1],#specs2:[-1,-1,-1,-1,-1,-1,  -1,-1,-1,-1,-1,-1,  -1,-1,-1,-1,-1,-1,  -1,-1,-1,-1,-1,-1, -1,-1,-1,-1,-1,-1, -1,-1,-1,-1,-1,-1], #tp:"voxelStruct", #repeatL:[6, 1, 1, 1, 1, 10], #bfTiles:1, #rnd:1, #ptPos:0, #tags:[]] 
[#nm:"Raindeer Weathervane", #sz:point(6, 12), #specs:[-1,-1,-1,-1,-1,-1,-1,-1,-1,-1,-1,-1 ,-1,-1,-1,-1,-1,-1,-1,-1,-1,-1,-1,-1 ,-1,-1,-1,-1,-1,-1,-1,-1,-1,-1,-1,1 ,-1,-1,-1,-1,-1,-1,-1,-1,-1,-1,-1,1 ,-1,-1,-1,-1,-1,-1,-1,-1,-1,-1,-1,-1 ,-1,-1,-1,-1,-1,-1,-1,-1,-1,-1,-1,-1], #specs2:0, #tp:"voxelStruct", #repeatL:[3,3,3], #bfTiles:0, #rnd:1, #ptPos:0, #tags:["nonSolid"]]
[#nm:"Burger16x14x6", #sz:point(16,14), #specs:[1,1,1,1,1,1,1,1,1,1,1,1,1,1,1,1,1,1,1,1,1,1,1,1,1,1,1,1,1,1,1,1,1,1,1,1,1,1,1,1,1,1,1,1,1,1,1,1,1,1,1,1,1,1,1,1,1,1,1,1,1,1,1,1,1,1,1,1,1,1,1,1,1,1,1,1,1,1,1,1,1,1,1,1,1,1,1,1,1,1,1,1,1,1,1,1,1,1,1,1,1,1,1,1,1,1,1,1,1,1,1,1,1,1,1,1,1,1,1,1,1,1,1,1,1,1,1,1,1,1,1,1,1,1,1,1,1,1,1,1,1,1,1,1,1,1,1,1,1,1,1,1,1,1,1,1,1,1,1,1,1,1,1,1,1,1,1,1,1,1,1,1,1,1,1,1,1,1,1,1,1,1,1,1,1,1,1,1,1,1,1,1,1,1,1,1,1,1,1,1,1,1,1,1,1,1,1,1,1,1,1,1,1,1,1,1,1,1,1,1,1,1,1,1], #specs2:0, #tp:"voxelStruct", #repeatL:[1,2,2,1,2,2], #bfTiles:0, #rnd:1, #ptPos:0, #tags:[]]
[#nm:"Mega Wheel", #sz:point(14, 17), #specs:[-1,-1,-1,-1,-1,-1,-1,-1,-1,-1,-1,-1,-1,-1,-1,-1,-1 ,-1,-1,-1,-1,-1,-1,0,0,0,0,0,-1,-1,-1,-1,-1,-1 ,-1,-1,-1,-1,1,1,1,1,1,1,1,1,1,-1,-1,-1,-1 ,-1,-1,-1,-1,1,1,1,1,1,1,1,1,1,-1,-1,-1,-1 ,-1,-1,-1,0,1,1,1,1,1,1,1,1,1,0,-1,-1,-1 ,-1,-1,-1,0,1,1,1,1,1,1,1,1,1,0,-1,-1,-1 ,-1,-1,-1,0,1,1,1,1,1,1,1,1,1,0,-1,-1,-1 ,-1,-1,-1,0,1,1,1,1,1,1,1,1,1,0,-1,-1,-1 ,-1,-1,-1,0,1,1,1,1,1,1,1,1,1,0,-1,-1,-1 ,-1,-1,-1,-1,1,1,1,1,1,1,1,1,1,-1,-1,-1,-1 ,-1,-1,-1,-1,1,1,1,1,1,1,1,1,1,-1,-1,-1,-1 ,-1,-1,-1,-1,-1,-1,0,0,0,0,0,-1,-1,-1,-1,-1,-1 ,-1,-1,-1,-1,-1,-1,-1,-1,-1,-1,-1,-1,-1,-1,-1,-1,-1 ,-1,-1,-1,-1,-1,-1,-1,-1,-1,-1,-1,-1,-1,-1,-1,-1,-1], #specs2:0, #tp:"voxelStruct", #repeatL:[1,1,1,1,1,1,1,1,1,1], #bfTiles:2, #rnd:1, #ptPos:0, #tags:[]]
[#nm:"Neon Large Sign", #sz:point(4,4), #specs:[1,1,1,1,1,1,1,1,1,1,1,1,1,1,1,1], #specs2:0, #tp:"voxelStruct", #repeatL:[2,2,2,2,2], #bfTiles:0, #rnd:14, #ptPos:0, #tags:["effectColorA", "notTrashProp", "nonSolid"]]
[#nm:"Neon Large Sign Off", #sz:point(4,4), #specs:[1,1,1,1,1,1,1,1,1,1,1,1,1,1,1,1], #specs2:0, #tp:"voxelStruct", #repeatL:[2,2,2,2,2], #bfTiles:0, #rnd:14, #ptPos:0, #tags:["effectColorA", "notTrashProp", "nonSolid"]]
[#nm:"Neon Large Sign BG", #sz:point(4,4), #specs:[0,0,0,0,0,0,0,0,0,0,0,0,0,0,0,0], #specs2:0, #tp:"voxelStruct", #repeatL:[5,2,2,1], #bfTiles:0, #rnd:14, #ptPos:0, #tags:["effectColorA", "notTrashProp", "nonSolid"]]
[#nm:"Neon Large Sign BG Off", #sz:point(4,4), #specs:[0,0,0,0,0,0,0,0,0,0,0,0,0,0,0,0], #specs2:0, #tp:"voxelStruct", #repeatL:[5,2,2,1], #bfTiles:0, #rnd:14, #ptPos:0, #tags:["effectColorA", "notTrashProp", "nonSolid"]]
[#nm:"BGBox Small", #sz:point(3,2), #specs:[0,0,0,0,0,0], #specs2:0, #tp:"voxelStruct", #repeatL:[6,1,1,2], #bfTiles:0, #rnd:1, #ptPos:0, #tags:["nonSolid"]]
[#nm:"CTile", #sz:point(1,1), #specs:[1], #specs2:0, #tp:"voxelStruct", #repeatL:[1,9], #bfTiles:0, #rnd:1, #ptPos:0, #tags:[]]
[#nm:"CTile Offset", #sz:point(1,1), #specs:[1], #specs2:0, #tp:"voxelStruct", #repeatL:[1,9], #bfTiles:0, #rnd:1, #ptPos:0, #tags:[]]
[#nm:"CTile Gone", #sz:point(1,1), #specs:[1], #specs2:0, #tp:"voxelStruct", #repeatL:[1,9], #bfTiles:0, #rnd:1, #ptPos:0, #tags:[]]
[#nm:"CTile Offset Gone L", #sz:point(1,1), #specs:[1], #specs2:0, #tp:"voxelStruct", #repeatL:[1,9], #bfTiles:0, #rnd:1, #ptPos:0, #tags:[]]
[#nm:"CTile Offset Gone R", #sz:point(1,1), #specs:[1], #specs2:0, #tp:"voxelStruct", #repeatL:[1,9], #bfTiles:0, #rnd:1, #ptPos:0, #tags:[]]
[#nm:"Lambo 25x7x8", #sz:point(25,7), #specs:[1,1,1,1,1,1,1,1,1,1,1,1,1,1,1,1,1,1,1,1,1,1,1,1,1,1,1,1,1,1,1,1,1,1,1,1,1,1,1,1,1,1,1,1,1,1,1,1,1,1,1,1,1,1,1,1,1,1,1,1,1,1,1,1,1,1,1,1,1,1,1,1,1,1,1,1,1,1,1,1,1,1,1,1,1,1,1,1,1,1,1,1,1,1,1,1,1,1,1,1,1,1,1,1,1,1,1,1,1,1,1,1,1,1,1,1,1,1,1,1,1,1,1,1,1,1,1,1,1,1,1,1,1,1,1,1,1,1,1,1,1,1,1,1,1,1,1,1,1,1,1,1,1,1,1,1,1,1,1,1,1,1,1,1,1,1,1,1,1,1,1,1,1,1,1], #specs2:0, #tp:"voxelStruct", #repeatL:[1,1,1,2,1,1,1,2], #bfTiles:0, #rnd:1, #ptPos:0, #tags:[]]
[#nm:"crystal 18x25x6", #sz:point(18,25), #specs:[1,1,1,1,1,1,1,1,1,1,1,1,1,1,1,1,1,1,1,1,1,1,1,1,1,1,1,1,1,1,1,1,1,1,1,1,1,1,1,1,1,1,1,1,1,1,1,1,1,1,1,1,1,1,1,1,1,1,1,1,1,1,1,1,1,1,1,1,1,1,1,1,1,1,1,1,1,1,1,1,1,1,1,1,1,1,1,1,1,1,1,1,1,1,1,1,1,1,1,1,1,1,1,1,1,1,1,1,1,1,1,1,1,1,1,1,1,1,1,1,1,1,1,1,1,1,1,1,1,1,1,1,1,1,1,1,1,1,1,1,1,1,1,1,1,1,1,1,1,1,1,1,1,1,1,1,1,1,1,1,1,1,1,1,1,1,1,1,1,1,1,1,1,1,1,1,1,1,1,1,1,1,1,1,1,1,1,1,1,1,1,1,1,1,1,1,1,1,1,1,1,1,1,1,1,1,1,1,1,1,1,1,1,1,1,1,1,1,1,1,1,1,1,1,1,1,1,1,1,1,1,1,1,1,1,1,1,1,1,1,1,1,1,1,1,1,1,1,1,1,1,1,1,1,1,1,1,1,1,1,1,1,1,1,1,1,1,1,1,1,1,1,1,1,1,1,1,1,1,1,1,1,1,1,1,1,1,1,1,1,1,1,1,1,1,1,1,1,1,1,1,1,1,1,1,1,1,1,1,1,1,1,1,1,1,1,1,1,1,1,1,1,1,1,1,1,1,1,1,1,1,1,1,1,1,1,1,1,1,1,1,1,1,1,1,1,1,1,1,1,1,1,1,1,1,1,1,1,1,1,1,1,1,1,1,1,1,1,1,1,1,1,1,1,1,1,1,1,1,1,1,1,1,1,1,1,1,1,1,1,1,1,1,1,1,1,1,1,1,1,1,1,1,1,1,1,1,1,1,1,1,1,1,1,1,1,1,1,1,1,1,1,1,1,1,1,1,1,1,1,1,1,1,1,1,1,1,1,1,1,1,1,1,1,1,1,1,1,1,1], #specs2:0, #tp:"voxelStruct", #repeatL:[1,2,2,1,2,2], #bfTiles:0, #rnd:1, #ptPos:0, #tags:["effectColorA", "notTrashProp", "nonSolid"]]
[#nm:"Huge Sign", #sz:point(8,10), #specs:[1,1,1,1,1,1,1,1,1,1, 1,1,1,1,1,1,1,1,1,1, 1,1,1,1,1,1,1,1,1,1, 1,1,1,1,1,1,1,1,1,1, 1,1,1,1,1,1,1,1,1,1, 1,1,1,1,1,1,1,1,1,1, 1,1,1,1,1,1,1,1,1,1, 1,1,1,1,1,1,1,1,1,1], #specs2:0, #tp:"voxelStruct", #repeatL:[1,1,1,7], #bfTiles:0, #rnd:14, #ptPos:0, #tags:["effectColorA", "notTrashProp"]]
[#nm:"Huge Sign B", #sz:point(8,10), #specs:[1,1,1,1,1,1,1,1,1,1, 1,1,1,1,1,1,1,1,1,1, 1,1,1,1,1,1,1,1,1,1, 1,1,1,1,1,1,1,1,1,1, 1,1,1,1,1,1,1,1,1,1, 1,1,1,1,1,1,1,1,1,1, 1,1,1,1,1,1,1,1,1,1, 1,1,1,1,1,1,1,1,1,1], #specs2:0, #tp:"voxelStruct", #repeatL:[1,1,1,7], #bfTiles:0, #rnd:14, #ptPos:0, #tags:["effectColorB", "notTrashProp"]]
[#nm:"Big Drill Head", #sz:point(3,8), #specs:[1,1,1,1,1,1,5,-1 ,1,1,1,1,1,1,1,-1 ,1,1,1,1,1,1,4,-1], #specs2:0, #tp:"voxelStruct", #repeatL:[1,1,1,1,1,1,1,1,1,1], #bfTiles:1, #rnd:1, #ptPos:0, #tags:[]]
[#nm:"HC Hang Tile", #sz:point(3, 1), #specs:[1 ,1 ,1], #specs2:0, #tp:"voxelStruct", #repeatL:[1,3,3], #bfTiles:0, #rnd:1, #ptPos:0, #tags:[]]
[#nm:"HC Hang Tile Top", #sz:point(3, 1), #specs:[1 ,1 ,1], #specs2:0, #tp:"voxelStruct", #repeatL:[1,3,3], #bfTiles:0, #rnd:1, #ptPos:0, #tags:[]]
[#nm:"HC Hang Tile Middle", #sz:point(3, 1), #specs:[1 ,1 ,1], #specs2:0, #tp:"voxelStruct", #repeatL:[1,3,3], #bfTiles:0, #rnd:1, #ptPos:0, #tags:[]]
[#nm:"HC Hang Tile Bottom", #sz:point(3, 1), #specs:[1 ,1 ,1], #specs2:0, #tp:"voxelStruct", #repeatL:[1,3,3], #bfTiles:0, #rnd:1, #ptPos:0, #tags:[]]
[#nm:"Brain 30x30x10", #tp:"standard", #colorTreatment:"standard", #sz:point(30,30), #repeatL:[1,1,1,1,1,1,1,1,1,1], #tags:[], #layerExceptions:[], #notes:[]]
[#nm:"Upper[Extra] 20x20x6", #tp:"standard", #colorTreatment:"standard", #sz:point(20,20), #repeatL:[1,1,1,1,1,1], #tags:[], #layerExceptions:[], #notes:[]]
[#nm:"Capsule 8x16x6", #tp:"standard", #colorTreatment:"standard", #sz:point(8,16), #repeatL:[1,1,1,1,1,1], #tags:[], #layerExceptions:[], #notes:[]]
[#nm:"Sunflower Vent", #sz:point(4,4), #specs:[0,0,0,0,0,0,0,0,0,0,0,0,0,0,0,0], #specs2:0, #tp:"voxelStruct", #repeatL:[5,1,1,1,1,1], #bfTiles:1, #rnd:1, #ptPos:0, #tags:[]]