-["Gate Parts", color(255, 0, 150)]
[#nm:"GateA", #sz:point(4,9), #specs:[-1,-1,-1,-1,-1,1,1,1,5,  1,1,1,1,1,1,1,1,1,  1,1,1,1,1,1,1,1,1,  -1,-1,-1,-1,-1,1,1,1,4], #specs2:0, #tp:"voxelStruct", #repeatL:[1,1,1,1,1,1,4], #bfTiles:1, #rnd:1, #ptPos:0, #tags:[]]
[#nm:"GateB", #sz:point(4,9), #specs:[3,1,1,1,-1,-1,-1,-1,-1,  1,1,1,1,1,1,1,1,1,  1,1,1,1,1,1,1,1,1,  2,1,1,1,-1,-1,-1,-1,-1], #specs2:0, #tp:"voxelStruct", #repeatL:[1,1,1,1,1,1,4], #bfTiles:1, #rnd:1, #ptPos:0, #tags:[]]
[#nm:"GatePillar", #sz:point(4,11), #specs:[1,1,1,1, 1,1,1,1, 1,1,1,1, 1,1,1,1, 1,1,1,1, 1,1,1,1, 1,1,1,1, 1,1,1,1, 1,1,1,1, 1,1,1,1, 1,1,1,1], #specs2:0, #tp:"voxelStruct", #repeatL:[1,1,1,1,1,1,4], #bfTiles:1, #rnd:1, #ptPos:0, #tags:[]]
[#nm:"GateChamber", #sz:point(6,23), #specs:[1,1,1,1,1,1,  1,1,1,1,1,1,  1,1,1,1,1,1,  1,1,1,1,1,1,  1,1,1,1,1,1,  1,1,1,1,1,1,  1,1,1,1,1,1,  1,1,1,1,1,1,  1,1,1,1,1,1,  1,1,1,1,1,1,  1,1,1,1,1,1,  1,1,1,1,1,1,  1,1,1,1,1,1,  1,1,1,1,1,1,  1,1,1,1,1,1,  1,1,1,1,1,1,  1,1,1,1,1,1,  1,1,1,1,1,1,  1,1,1,1,1,1,  1,1,1,1,1,1,  1,1,1,1,1,1,  1,1,1,1,1,1,  1,1,1,1,1,1], #specs2:0, #tp:"voxelStruct", #repeatL:[1,1,1,1,1,5], #bfTiles:0, #rnd:1, #ptPos:0, #tags:["nonSolid"]]
[#nm:"GateGrate", #sz:point(3,2), #specs:[1,0,1,0,1,0], #specs2:[1,1,1,1,1,1], #tp:"voxelStruct", #repeatL:[1,1,1,1,1,1,1,1,1,10,1], #bfTiles:0, #rnd:1, #ptPos:0, #tags:[]]
[#nm:"GateGrateUpsideDown", #sz:point(3,2), #specs:[0,1,0,1,0,1], #specs2:[1,1,1,1,1,1], #tp:"voxelStruct", #repeatL:[1,1,1,1,1,1,1,1,1,10,1], #bfTiles:0, #rnd:1, #ptPos:0, #tags:[]]
[#nm:"Water Tank", #sz:point(36,23), #specs:[1,1,1,1,1,1,1,1,1,1,1,1,1,1,1,1,1,1,-1,-1,-1,-1,-1,  1,1,1,1,1,1,1,1,1,1,1,1,1,1,1,1,1,1,1,-1,-1,-1,-1,  1,1,1,1,1,1,1,1,1,1,1,1,1,1,1,1,1,1,1,1,-1,-1,-1,  1,1,1,1,1,1,1,1,1,1,1,1,1,1,1,1,1,1,1,1,1,-1,-1,  1,1,1,1,1,1,1,1,1,1,1,1,1,1,1,1,1,1,1,1,1,1,-1,  1,1,1,1,1,1,1,1,1,1,1,1,1,1,1,1,1,1,1,1,1,1,1,  1,1,1,1,1,1,1,1,1,1,1,1,1,1,1,1,1,1,1,1,1,1,1,  1,1,1,1,1,1,1,1,1,1,1,1,1,1,1,1,1,1,1,1,1,1,1,  1,1,1,1,1,1,1,1,1,1,1,1,1,1,1,1,1,1,1,1,1,1,1,  1,1,1,1,1,1,1,1,1,1,1,1,1,1,1,1,1,1,1,1,1,1,1,  1,1,1,1,1,1,1,1,1,1,1,1,1,1,1,1,1,1,1,1,1,1,1,  1,1,1,1,1,1,1,1,1,1,1,1,1,1,1,1,1,1,1,1,1,1,1,  1,1,1,1,1,1,1,1,1,1,1,1,1,1,1,1,1,1,1,1,1,1,1,  1,1,1,1,1,1,1,1,1,1,1,1,1,1,1,1,1,1,1,1,1,1,1,  1,1,1,1,1,1,1,1,1,1,1,1,1,1,1,1,1,1,1,1,1,1,1,  1,1,1,1,1,1,1,1,1,1,1,1,1,1,1,1,1,1,1,1,1,1,1,  1,1,1,1,1,1,1,1,1,1,1,1,1,1,1,1,1,1,1,1,1,1,1,  1,1,1,1,1,1,1,1,1,1,1,1,1,1,1,1,1,1,1,1,1,1,1,  1,1,1,1,1,1,1,1,1,1,1,1,1,1,1,1,1,1,1,1,1,1,1,  1,1,1,1,1,1,1,1,1,1,1,1,1,1,1,1,1,1,1,1,1,1,1,  1,1,1,1,1,1,1,1,1,1,1,1,1,1,1,1,1,1,1,1,1,1,1,  1,1,1,1,1,1,1,1,1,1,1,1,1,1,1,1,1,1,1,1,1,1,1,  1,1,1,1,1,1,1,1,1,1,1,1,1,1,1,1,1,1,1,1,1,1,1,  1,1,1,1,1,1,1,1,1,1,1,1,1,1,1,1,1,1,1,1,1,1,1,  1,1,1,1,1,1,1,1,1,1,1,1,1,1,1,1,1,1,1,1,1,1,1,  1,1,1,1,1,1,1,1,1,1,1,1,1,1,1,1,1,1,1,1,1,1,1,  1,1,1,1,1,1,1,1,1,1,1,1,1,1,1,1,1,1,1,1,1,1,1,  1,1,1,1,1,1,1,1,1,1,1,1,1,1,1,1,1,1,1,1,1,1,1,  1,1,1,1,1,1,1,1,1,1,1,1,1,1,1,1,1,1,1,1,1,1,1,  1,1,1,1,1,1,1,1,1,1,1,1,1,1,1,1,1,1,1,1,1,1,1,  1,1,1,1,1,1,1,1,1,1,1,1,1,1,1,1,1,1,1,1,1,1,1,  1,1,1,1,1,1,1,1,1,1,1,1,1,1,1,1,1,1,1,1,1,1,-1,  1,1,1,1,1,1,1,1,1,1,1,1,1,1,1,1,1,1,1,1,1,-1,-1,  1,1,1,1,1,1,1,1,1,1,1,1,1,1,1,1,1,1,1,1,-1,-1,-1,  1,1,1,1,1,1,1,1,1,1,1,1,1,1,1,1,1,1,1,-1,-1,-1,-1,  1,1,1,1,1,1,1,1,1,1,1,1,1,1,1,1,1,1,-1,-1,-1,-1,-1], #specs2:0, #tp:"voxelStruct", #repeatL:[1,9], #bfTiles:1, #rnd:1, #ptPos:0, #tags:["drawLast"]]
[#nm:"Water Tank Padding", #sz:point(1,1), #specs:[1], #specs2:0, #tp:"voxelStruct", #repeatL:[1,9], #bfTiles:0, #rnd:1, #ptPos:0, #tags:[]]
[#nm:"Gate Scaffolding", #sz:point(5,5), #specs:[0,0,0,0,0, 0,0,0,0,0, 0,0,0,0,0, 0,0,0,0,0, 0,0,0,0,0], #specs2:0, #tp:"voxelStruct", #repeatL:[7,1,1,1], #bfTiles:1, #rnd:1, #ptPos:0, #tags:[]]
[#nm:"Gate Scaffolding Lamp", #sz:point(5,5), #specs:[0,0,0,0,0, 0,0,0,0,0, 0,0,0,0,0, 0,0,0,0,0, 0,0,0,0,0], #specs2:0, #tp:"voxelStruct", #repeatL:[5,1,1,1,1,1], #bfTiles:1, #rnd:1, #ptPos:0, #tags:[]]
[#nm:"Gate Battery Meter", #sz:point(22,2), #specs:[1,1,1,1,1,1,1,1,1,1,1,1,1,1,1,1,1,1,1,1,1,1,1,1,1,1,1,1,1,1,1,1,1,1,1,1,1,1,1,1,1,1,1,1], #specs2:0, #tp:"voxelStruct", #repeatL:[1,1,1,1,6], #bfTiles:0, #rnd:1, #ptPos:0, #tags:[]]
