-["Trains", color(0, 216, 255)]
[#nm:"Train Car NE", #sz:point(6,10), #specs:[1,1,1,1,1,1,1,1,1,1,  1,1,1,1,1,1,1,1,1,1,   1,1,1,1,1,1,1,1,1,1,    1,1,1,1,1,1,1,-1,1,1,   2,1,1,1,1,1,1,-1,1,1,  -1,-1,-1,-1,1,-1,-1,-1,-1,1], #specs2:0, #tp:"voxelStruct", #repeatL:[1,1,1,1,1,1,4], #bfTiles:1, #rnd:1, #ptPos:0, #tags:["drawLast"]]
[#nm:"Train Car NW", #sz:point(6,10), #specs:[-1,-1,-1,-1,1,-1,-1,-1,-1,1,   3,1,1,1,1,1,1,-1,1,1,   1,1,1,1,1,1,1,-1,1,1,  1,1,1,1,1,1,1,1,1,1,   1,1,1,1,1,1,1,1,1,1,    1,1,1,1,1,1,1,1,1,1], #specs2:0, #tp:"voxelStruct", #repeatL:[1,1,1,1,1,1,4], #bfTiles:1, #rnd:1, #ptPos:0, #tags:["drawLast"]]
[#nm:"Train Car N", #sz:point(1,10), #specs:[1,1,1,1,1,1,1,1,1,1], #specs2:0, #tp:"voxelStruct", #repeatL:[1,1,1,1,1,1,4], #bfTiles:1, #rnd:1, #ptPos:0, #tags:["drawLast"]]
[#nm:"Train Wheel N", #sz:point(6,11), #specs:[1,1,1,1,1,1,1,1,1,1,5,  1,1,1,1,1,1,1,1,1,1,1,   1,1,1,1,1,1,1,1,1,1,1,    1,1,1,1,1,1,1,1,1,1,1,   1,1,1,1,1,1,1,1,1,1,1,  1,1,1,1,1,1,1,1,1,1,4], #specs2:0, #tp:"voxelStruct", #repeatL:[1,1,1,1,1,5], #bfTiles:1, #rnd:1, #ptPos:0, #tags:["drawLast"]]
[#nm:"Train Connector N", #sz:point(6,14), #specs:[1,1,1,1,1,1,1,1,1,1,5,-1,-1,-1,   1,1,1,1,1,1,1,1,1,1,1,-1,-1,-1,   1,1,1,1,1,1,1,1,1,1,1,-1,-1,-1,   1,1,1,1,1,1,1,1,1,1,1,-1,-1,-1,   1,1,1,1,1,1,1,1,1,1,1,-1,-1,-1,   1,1,1,1,1,1,1,1,1,1,4,-1,-1,-1], #specs2:0, #tp:"voxelStruct", #repeatL:[1,1,1,1,1,5], #bfTiles:0, #rnd:1, #ptPos:0, #tags:["drawLast"]]

[#nm:"Train Car SE", #sz:point(6,10), #specs:[1,1,1,1,1,1,1,1,1,1,  1,1,1,1,1,1,1,1,1,1,   1,1,1,1,1,1,1,1,1,1,    1,1,-1,1,1,1,1,1,1,1,   1,1,-1,1,1,1,1,1,1,4,  1,-1,-1,-1,-1,1,-1,-1,-1,-1], #specs2:0, #tp:"voxelStruct", #repeatL:[1,1,1,1,1,1,4], #bfTiles:1, #rnd:1, #ptPos:0, #tags:["drawLast"]]
[#nm:"Train Car SW", #sz:point(6,10), #specs:[1,-1,-1,-1,-1,1,-1,-1,-1,-1,   1,1,-1,1,1,1,1,1,1,5,   1,1,-1,1,1,1,1,1,1,1,  1,1,1,1,1,1,1,1,1,1,   1,1,1,1,1,1,1,1,1,1,    1,1,1,1,1,1,1,1,1,1], #specs2:0, #tp:"voxelStruct", #repeatL:[1,1,1,1,1,1,4], #bfTiles:1, #rnd:1, #ptPos:0, #tags:["drawLast"]]
[#nm:"Train Car S", #sz:point(1,10), #specs:[1,1,1,1,1,1,1,1,1,1], #specs2:0, #tp:"voxelStruct", #repeatL:[1,1,1,1,1,1,4], #bfTiles:1, #rnd:1, #ptPos:0, #tags:["drawLast"]]
[#nm:"Train Wheel S", #sz:point(6,11), #specs:[3,1,1,1,1,1,1,1,1,1,1,  1,1,1,1,1,1,1,1,1,1,1,   1,1,1,1,1,1,1,1,1,1,1,    1,1,1,1,1,1,1,1,1,1,1,   1,1,1,1,1,1,1,1,1,1,1,  2,1,1,1,1,1,1,1,1,1,1], #specs2:0, #tp:"voxelStruct", #repeatL:[1,1,1,1,1,5], #bfTiles:1, #rnd:1, #ptPos:0, #tags:["drawLast"]]
[#nm:"Train Connector S", #sz:point(6,14), #specs:[-1,-1,-1,3,1,1,1,1,1,1,1,1,1,1,   -1,-1,-1,1,1,1,1,1,1,1,1,1,1,1,   -1,-1,-1,1,1,1,1,1,1,1,1,1,1,1,   -1,-1,-1,1,1,1,1,1,1,1,1,1,1,1,   -1,-1,-1,1,1,1,1,1,1,1,1,1,1,1,   -1,-1,-1,2,1,1,1,1,1,1,1,1,1,1], #specs2:0, #tp:"voxelStruct", #repeatL:[1,1,1,1,1,5], #bfTiles:0, #rnd:1, #ptPos:0, #tags:["drawLast"]]

[#nm:"Train Rail", #sz:point(10,3), #specs:[1,-1,1, 1,-1,1, 1,-1,1, 1,-1,1, 1,0,1, 1,0,1, 1,-1,1, 1,-1,1, 1,-1,1, 1,-1,1], #specs2:0, #tp:"voxelStruct", #repeatL:[1,1,1,1,1,1,1,1,1,1], #bfTiles:0, #rnd:1, #ptPos:0, #tags:[]]
[#nm:"Train Connector", #sz:point(6,27), #specs:[1,1,1,1,1,1,1,1,1,1,5,-1,-1,-1,-1,-1,3,1,1,1,1,1,1,1,1,1,1,   1,1,1,1,1,1,1,1,1,1,1,-1,-1,0,-1,-1,1,1,1,1,1,1,1,1,1,1,1,   1,1,1,1,1,1,1,1,1,1,1,-1,-1,0,-1,-1,1,1,1,1,1,1,1,1,1,1,1,   1,1,1,1,1,1,1,1,1,1,1,-1,-1,0,-1,-1,1,1,1,1,1,1,1,1,1,1,1,   1,1,1,1,1,1,1,1,1,1,1,-1,-1,0,-1,-1,1,1,1,1,1,1,1,1,1,1,1,   1,1,1,1,1,1,1,1,1,1,4,-1,-1,-1,-1,-1,2,1,1,1,1,1,1,1,1,1,1], #specs2:0, #tp:"voxelStruct", #repeatL:[1,1,1,1,1,5], #bfTiles:0, #rnd:1, #ptPos:0, #tags:["drawLast"]]
